372684	0
372858	1024
373056	
373242	
373409	
373580	
373788	
373987	
374147	
374337	
374520	
374700	
374886	
375086	
375277	
375442	
375642
375830
375996
376184
376366
376556
376742
376920
377104
377290
377472
377651
377835
378024
378210
378391
378572
378754
378956
379138
379307
379502
379678
379860
380062
380232
380428
380613
380783
380959
381150
381351
381522
381699
381888
382073
382268
382439
382623
382829
382998
383193
383374
383547
383739
383911
384113
384296
384469
384651
384856
385036
385222
385392
385587
385770
385951
386113
386316
386507
386670
386850
387030
387234
387418
387602
387769
387972
388161
388326
388497
388689
388882
389063
389257
389431
389615
389817
389987
390182
390361
390535
390714
390900
391087
391267
391465
391642
391818
392016
392189
392387
392569
392755
392922
393125
393315
393481
393646
393858
394049
394227
394379
394572
394775
394968
395123
395317
395505
395677
395868
396047
396231
396434
396609
396784
396973
397157
397338
397537
397716
397892
398074
398256
398440
398625
398825
399000
399175
399371
399542
399727
399914
400106
400279
400476
400661
400842
401022
401199
401402
401584
401754
401948
402124
402304
402490
402675
402859
403046
403248
403417
403593
403779
403965
404149
404343
404532
404702
404888
405092
405267
405440
405620
405806
405993
406192
406368
406546
406748
406932
407099
407300
407487
407659
407837
408023
408212
408395
408576
408761
408945
409130
409317
409497
409678
409878
410052
410231
410415
410613
410793
410981
411151
411332
411532
411701
411884
412088
412259
412439
412641
412811
412991
413177
413361
413543
413726
413910
414091
414276
414480
414659
414829
415019
415196
415380
415568
415750
415945
416133
416300
416484
416673
416854
417038
417236
417423
417589
417794
417979
418145
418321
418530
418728
418885
419061
419254
419438
419620
419804
419990
420175
420370
420544
420726
420930
421100
421277
421461
421663
421842
422014
422195
422397
422573
422750
422937
423123
423318
423490
423670
423858
424057
424230
424405
424589
424788
424965
425139
425338
425514
425709
425890
426062
426253
426442
426615
426818
427004
427174
427349
427556
427745
427911
428082
428286
428469
428656
428825
429011
429216
429389
429563
429745
429944
430122
430297
430480
430687
430868
431038
431229
431405
431590
431779
431974
432144
432323
432507
432710
432891
433061
433252
433443
433616
433815
433995
434173
434353
434553
434733
434907
435102
435279
435459
435644
435824
436024
436202
436381
436579
436750
436948
437132
437302
437494
437672
437855
438056
438227
438427
438611
438780
438956
439148
439352
439524
439699
439884
440083
440259
440454
440633
440803
440983
441187
441369
441540
441715
441903
442105
442277
442472
442657
442840
443003
443211
443407
443571
443740
443915
444125
444312
444492
444655
444850
445051
445244
445401
445587
445797
445967
446135
446315
446505
446695
446893
447078
447245
447446
447630
447804
447984
448170
448357
448557
448731
448906
449088
449274
449461
449661
449836
450010
450209
450381
450564
450754
450934
451115
451313
451504
451667
451855
452046
452239
452404
452606
452795
452962
453148
453322
453511
453717
453902
454067
454250
454440
454623
454819
454991
455193
455380
455551
455725
455915
456118
456286
456465
456652
456832
457018
457204
457385
457569
457767
457938
458121
458322
458492
458672
458860
459047
459243
459411
459597
459786
459964
460157
460331
460530
460714
460885
461061
461245
461434
461635
461821
461981
462179
462366
462540
462734
462906
463093
463302
463472
463640
463825
464028
464203
464384
464571
464753
464934
465136
465316
465486
465659
465850
466041
466238
466403
466586
466775
