2768981	0
2768782	1024
2768599	
2768382	
2768200	
2767985	
2767779	
2767606	
2767385	
2767205	
2766990	
2766779	
2766607	
2766384	
2766207	
2765985	
2765813
2765596
2765380
2765212
2764995
2764792
2764590
2764411
2764214
2763997
2763819
2763597
2763420
2763203
2762998
2762789
2762626
2762408
2762216
2762017
2761821
2761601
2761423
2761219
2761013
2760796
2760630
2760411
2760206
2759993
2759832
2759607
2759432
2759214
2759010
2758806
2758600
2758437
2758219
2758030
2757836
2757626
2757436
2757235
2757020
2756842
2756629
2756443
2756217
2756040
2755840
2755627
2755417
2755215
2755043
2754842
2754637
2754453
2754232
2754015
2753852
2753632
2753455
2753231
2753055
2752838
2752628
2752456
2752238
2752030
2751858
2751642
2751440
2751230
2751024
2750860
2750640
2750444
2750233
2750030
2749864
2749647
2749441
2749269
2749051
2748840
2748670
2748453
2748240
2748066
2747867
2747655
2747442
2747251
2747072
2746853
2746671
2746457
2746247
2746076
2745861
2745652
2745449
2745280
2745063
2744853
2744679
2744465
2744256
2744083
2743860
2743678
2743480
2743274
2743083
2742869
2742654
2742489
2742275
2742085
2741875
2741665
2741482
2741287
2741072
2740859
2740661
2740492
2740273
2740093
2739878
2739689
2739494
2739280
2739065
2738899
2738673
2738497
2738277
2738095
2737893
2737687
2737473
2737303
2737083
2736905
2736683
2736506
2736290
2736080
2735911
2735692
2735484
2735278
2735112
2734888
2734710
2734497
2734307
2734111
2733893
2733682
2733513
2733289
2733117
2732892
2732716
2732495
2732318
2732106
2731912
2731716
2731496
2731321
2731097
2730918
2730715
2730504
2730324
2730112
2729919
2729724
2729504
2729329
2729112
2728897
2728729
2728509
2728330
2728117
2727926
2727730
2727524
2727331
2727116
2726906
2726737
2726525
2726332
2726136
2725922
2725708
2725543
2725325
2725123
2724945
2724728
2724537
2724343
2724126
2723918
2723737
2723540
2723346
2723124
2722950
2722734
2722525
2722319
2722152
2721933
2721752
2721531
2721355
2721140
2720950
2720751
2720534
2720360
2720141
2719935
2719757
2719541
2719361
2719139
2718964
2718739
2718565
2718341
2718164
2717945
2717767
2717551
2717344
2717133
2716972
2716755
2716568
2716356
2716147
2715946
2715734
2715573
2715353
2715176
2714961
2714777
2714564
2714375
2714178
2713963
2713759
2713581
2713362
2713183
2712964
2712789
2712564
2712390
2712170
2711961
2711793
2711568
2711393
2711168
2710993
2710777
2710566
2710395
2710177
2709973
2709766
2709595
2709391
2709181
2708999
2708783
2708574
2708398
2708197
2707979
2707802
2707602
2707389
2707203
2706988
2706780
2706606
2706387
2706207
2705994
2705788
2705585
2705379
2705175
2705013
2704794
2704595
2704382
2704215
2704000
2703791
2703614
2703412
2703205
2703015
2702818
2702601
2702424
2702201
2702026
2701812
2701626
2701412
2701193
2701028
2700810
2700622
2700429
2700202
2700024
2699824
2699614
2699400
2699235
2699012
2698835
2698621
2698434
2698210
2698035
2697813
2697636
2697417
2697239
2697023
2696812
2696616
2696403
2696243
2696024
2695815
2695644
2695420
2695243
2695030
2694821
2694616
2694448
2694223
2694047
2693835
2693642
2693448
2693223
2693050
2692829
2692653
2692437
2692223
2692029
2691816
2691649
2691449
2691239
2691051
2690838
2690624
2690453
2690250
2690042
2689828
2689657
2689442
2689234
2689035
2688823
2688662
2688440
2688263
2688049
2687865
2687645
2687428
2687264
2687046
2686846
2686636
2686433
2686269
2686051
2685863
2685667
2685454
2685243
2685070
2684856
2684642
2684475
2684256
2684042
2683870
2683668
2683460
2683246
2683075
2682861
2682651
2682480
2682262
2682050
2681882
2681658
2681482
2681269
2681055
2680857
2680650
2680485
2680262
2680086
2679872
2679657
2679488
2679266
2679087
2678872
2678691
2678474
2678262
2678091
2677876
2677672
2677465
2677258
2677096
2676872
2676693
2676475
