76	0
76	32
76	
76	
76	
76	
76	
76	
76	
76	
76	
76	
76	
76	
76	
76	
76
76
76
76
76
76
76
76
76
76
76
76
76
76
76
76
76
76
76
76
76
76
76
76
76
76
76
76
76
76
76
76
76
76
76
76
76
76
76
76
76
76
76
76
76
76
76
76
76
76
76
76
76
76
76
76
76
76
76
76
76
76
76
76
76
76
76
76
76
76
76
76
76
76
76
76
76
76
76
76
76
76
76
76
76
76
76
76
76
76
76
76
76
76
76
76
76
76
76
76
76
76
76
76
76
76
76
76
76
76
76
76
76
76
76
76
76
76
76
76
76
76
76
76
76
76
76
76
76
76
76
76
76
76
76
76
76
76
76
76
76
76
76
76
76
76
76
76
76
76
76
76
76
76
76
76
76
76
76
76
76
76
76
76
76
76
76
76
76
76
76
76
76
76
76
76
76
76
76
76
76
76
76
76
76
76
76
76
76
76
76
76
76
76
76
76
76
76
76
76
76
76
76
76
76
76
76
76
76
76
76
76
76
76
76
76
76
76
76
76
76
76
76
76
76
76
76
76
76
76
76
76
76
76
76
76
76
76
76
76
76
76
76
76
76
76
76
76
76
76
76
76
76
76
76
76
76
76
76
76
76
76
76
76
76
76
76
76
76
76
76
76
76
76
76
76
76
76
76
76
76
76
76
76
76
76
76
76
76
76
76
76
76
76
76
76
76
76
76
76
76
76
76
76
76
76
76
76
76
76
76
76
76
76
76
76
76
76
76
76
76
76
76
76
76
76
76
76
76
76
76
76
76
76
76
76
76
76
76
76
76
76
76
76
76
76
76
76
76
76
76
76
76
76
76
76
76
76
76
76
76
76
76
76
76
76
76
76
76
76
76
76
76
76
76
76
76
76
76
76
76
76
76
76
76
76
76
76
76
76
76
76
76
76
76
76
76
76
76
76
76
76
76
76
76
76
76
76
76
76
76
76
76
76
76
76
76
76
76
76
76
76
76
76
76
76
76
76
76
76
76
76
76
76
76
76
76
76
76
76
76
76
76
76
76
76
76
76
76
76
76
76
76
76
76
76
76
76
76
76
76
76
76
76
76
76
76
76
76
76
76
76
76
76
76
76
76
76
76
76
76
76
76
76
76
76
76
76
76
76
76
76
76
76
76
76
76
76
76
76
76
76
76
76
76
76
76
76
76
76
76
76
76
76
76
76
76
76
76
76
76
76
76
76
76
76
76
76
76
76
76
76
76
76
76
76
76
76
76
76
76
76
76
76
76
76
76
76
76
76
76
76
76
76
76
76
76
76
76
76
76
76
76
76
76
76
76
76
76
76
76
76
76
76
76
76
76
76
76
76
76
76
76
76
76
76
76
76
76
76
76
76
76
76
76
76
76
76
76
76
76
76
76
76
76
76
76
76
76
76
76
76
76
76
76
76
76
76
76
76
76
76
76
76
76
76
76
76
76
76
76
76
76
76
76
76
76
76
76
76
76
76
76
76
76
76
76
76
76
76
76
76
76
76
76
76
76
76
76
76
76
76
76
76
76
76
76
76
76
76
76
76
76
76
76
76
76
76
76
76
76
76
76
76
76
76
76
76
76
76
76
76
76
76
76
76
76
76
76
76
76
76
76
76
76
76
76
76
76
76
76
76
76
76
76
76
76
76
76
76
76
76
76
76
76
76
76
76
76
76
76
76
76
76
76
76
76
76
76
76
76
76
76
76
76
76
76
76
76
76
76
76
76
76
76
76
76
76
76
76
76
76
76
76
76
76
76
76
76
76
76
76
76
76
76
76
76
76
76
76
76
76
76
76
76
76
76
76
76
76
76
76
76
76
76
76
76
76
76
76
76
76
76
76
76
76
76
76
76
76
76
76
76
76
76
76
76
76
76
76
76
76
76
76
76
76
76
76
76
76
76
76
76
76
76
76
76
76
76
76
76
76
76
76
76
76
76
76
76
76
76
76
76
76
76
76
76
76
76
76
76
77
76
76
76
76
76
76
76
76
76
76
76
76
76
76
76
76
76
76
77
78
80
84
88
89
88
89
89
92
97
103
109
115
123
135
150
163
163
159
159
158
157
156
157
157
157
158
159
159
159
159
159
159
159
160
160
160
160
160
160
160
160
160
160
160
160
160
160
161
161
161
161
161
161
161
161
161
161
161
161
161
161
161
161
161
161
161
161
161
161
161
161
161
161
161
161
161
161
161
161
161
161
161
161
161
161
161
161
161
161
160
160
159
159
159
159
159
158
158
158
158
158
158
156
154
151
150
149
146
141
133
119
97
76
69
74
78
78
77
78
78
77
78
78
78
77
77
77
78
78
78
78
78
78
78
78
78
78
78
78
78
78
78
78
78
78
78
78
78
78
78
78
78
78
78
78
78
78
78
78
78
78
78
78
78
78
78
78
78
78
78
78
78
78
78
78
78
78
78
78
78
78
78
78
78
78
78
78
78
78
78
77
77
78
80
84
88
91
94
97
99
101
101
100
99
99
98
97
97
96
96
96
97
97
97
97
97
97
98
99
99
100
104
109
116
129
151
169
170
168
169
168
167
167
167
167
166
165
166
166
166
166
166
166
166
166
166
165
165
165
166
167
168
168
169
169
169
170
172
176
180
184
186
189
195
204
219
240
258
264
261
261
261
259
256
253
252
250
246
243
242
243
243
243
243
241
235
223
208
183
153
133
121
107
92
84
85
88
87
83
81
81
80
80
80
80
80
81
82
83
83
83
83
83
83
83
83
83
83
83
83
83
83
83
83
83
83
83
83
83
83
83
83
83
83
83
83
83
83
83
83
83
83
83
83
83
83
83
83
83
83
83
83
83
83
83
83
83
83
83
83
83
83
83
83
83
83
83
83
83
83
83
83
83
83
83
83
83
83
83
83
83
83
83
83
83
83
83
83
83
83
83
83
83
83
83
83
83
83
83
83
83
83
83
83
83
83
83
83
83
83
83
83
83
83
83
83
83
83
83
83
83
83
83
83
83
83
83
83
83
83
83
83
83
83
83
83
83
83
83
83
83
83
83
83
83
83
83
83
83
83
83
83
83
83
83
83
83
83
83
83
83
83
83
83
83
83
83
83
83
83
83
83
83
83
83
83
83
83
83
83
83
83
83
83
83
83
83
83
83
83
83
83
83
83
83
83
83
83
83
83
83
83
83
83
83
83
83
83
83
83
83
83
83
83
83
83
83
83
83
83
83
83
83
83
83
83
83
83
83
83
83
83
83
83
83
83
83
83
83
83
83
83
83
83
83
83
83
83
83
83
83
83
83
83
83
83
83
83
83
83
83
83
83
83
83
83
83
83
83
83
83
83
83
83
83
83
83
83
83
83
83
83
83
83
83
83
83
83
83
83
83
83
83
83
83
83
83
83
83
83
83
83
83
83
83
83
83
83
83
83
83
83
83
83
83
83
83
83
83
83
83
83
83
83
83
83
83
83
83
83
83
83
83
83
83
83
83
83
83
83
83
83
83
83
83
83
83
83
83
83
83
83
83
83
83
83
83
83
83
83
83
83
83
83
83
83
83
83
83
83
83
83
83
83
83
83
83
83
83
83
83
83
83
83
83
83
83
83
83
83
83
83
83
83
83
83
83
83
83
83
83
83
83
83
83
83
83
83
83
83
83
83
83
83
83
83
83
83
83
83
83
83
83
83
83
83
83
83
83
83
83
83
83
83
83
83
83
83
83
83
83
83
83
83
83
83
83
83
83
83
83
83
83
83
83
83
83
83
83
83
83
83
83
83
83
83
83
83
83
83
83
83
83
83
83
83
83
83
83
83
83
83
83
83
83
83
83
83
83
83
83
83
83
83
83
83
83
83
83
83
83
83
83
83
83
83
83
83
83
83
83
83
83
83
83
83
83
83
83
83
83
83
83
83
83
83
83
83
83
83
83
83
83
83
83
83
83
83
83
83
83
83
83
83
83
83
83
83
83
83
83
83
83
83
83
83
83
83
83
83
83
83
83
83
83
83
83
83
83
83
83
83
83
83
83
83
83
83
83
83
83
83
83
83
83
83
83
83
83
83
83
83
83
83
83
83
83
83
83
83
83
83
83
83
83
83
83
83
83
83
83
83
83
83
83
83
83
83
83
83
83
83
83
83
83
83
83
83
83
83
83
83
83
83
83
83
83
83
83
83
83
83
83
83
83
83
83
83
83
83
83
83
83
83
83
83
83
83
83
83
83
83
83
83
83
83
83
83
83
83
83
83
83
83
83
83
83
83
83
83
83
83
83
83
83
83
83
83
83
83
83
83
83
83
83
83
83
83
83
83
83
83
83
83
83
83
83
83
83
83
83
83
83
83
83
83
83
83
83
83
83
83
83
83
83
83
83
83
83
83
83
83
83
83
83
83
83
83
83
83
83
83
83
83
83
83
83
83
83
83
83
83
83
83
83
83
83
83
83
83
83
83
83
83
83
83
83
83
83
83
83
83
83
83
83
83
83
83
83
83
83
83
83
83
83
83
83
83
83
83
83
83
83
83
83
83
83
83
83
83
83
83
83
83
83
83
83
83
83
83
83
83
83
83
83
83
83
83
83
83
83
83
83
83
83
83
83
83
83
83
83
83
83
83
83
83
83
83
83
83
83
83
82
82
82
82
82
82
82
83
83
83
83
83
83
83
83
83
83
83
83
83
83
83
83
83
83
83
83
83
83
84
84
84
84
84
84
84
84
84
84
84
84
84
84
84
84
84
84
84
84
85
85
85
85
85
85
85
85
85
86
87
87
87
87
87
87
87
87
87
87
87
87
87
87
87
87
88
88
88
89
89
89
89
90
91
93
94
94
95
95
96
96
97
97
97
97
97
97
97
98
98
100
103
107
111
114
118
126
139
156
169
171
170
171
172
172
175
180
188
195
205
217
233
247
252
250
250
250
250
251
253
257
260
262
263
265
267
271
275
279
285
297
321
348
362
365
366
368
374
385
405
423
425
424
425
425
425
426
427
427
426
425
425
424
423
420
417
415
415
416
415
415
415
415
415
415
415
415
415
415
415
415
414
416
417
417
419
422
426
429
433
438
445
455
469
490
507
512
510
511
513
517
524
536
552
573
589
593
592
594
598
602
610
625
655
691
715
739
759
767
772
784
810
849
878
905
927
936
940
948
961
983
1009
1021
1013
999
995
1001
1004
1001
1001
1002
1002
1002
1002
1002
1002
1001
1000
1000
1003
1007
1014
1024
1042
1072
1102
1112
1112
1111
1112
1114
1125
1148
1177
1184
1176
1171
1172
1172
1171
1170
1166
1158
1150
1145
1138
1127
1103
1067
1044
1029
1009
991
984
981
975
961
936
901
882
875
874
875
874
868
849
822
805
795
785
772
760
753
753
755
754
753
754
754
754
754
754
754
754
754
754
754
754
754
754
754
754
754
755
753
748
739
727
713
687
650
620
587
557
542
532
515
494
478
467
451
422
391
374
359
339
322
318
319
317
312
304
290
262
227
207
194
182
171
163
157
151
147
150
155
161
166
168
166
166
167
166
166
166
166
166
166
166
166
166
167
167
167
167
166
163
161
159
156
154
149
142
133
119
99
76
63
61
61
60
57
53
48
39
22
-2
-20
-24
-21
-21
-24
-28
-36
-52
-78
-102
-109
-107
-109
-113
-119
-131
-153
-177
-186
-186
-188
-195
-207
-228
-261
-283
-292
-300
-314
-330
-337
-335
-335
-334
-330
-328
-330
-330
-329
-330
-329
-329
-329
-329
-329
-329
-329
-329
-329
-329
-329
-329
-329
-329
-329
-329
-329
-329
-329
-329
-329
-329
-329
-329
-329
-329
-329
-329
-329
-329
-329
-329
-329
-329
-329
-329
-329
-329
-329
-329
-329
-329
-329
-329
-329
-329
-329
-329
-329
-329
-329
-329
-329
-329
-329
-329
-329
-329
-329
-329
-329
-329
-329
-329
-329
-329
-329
-329
-329
-329
-329
-329
-329
-329
-329
-329
-329
-329
-329
-329
-329
-329
-329
-329
-329
-329
-329
-329
-329
-329
-329
-329
-329
-329
-329
-329
-329
-329
-329
-329
-329
-329
-329
-329
-329
-329
-329
-329
-329
-329
-329
-329
-329
-329
-329
-329
-329
-329
-329
-329
-329
-329
-329
-329
-329
-329
-329
-329
-329
-329
-329
-329
-329
-329
-329
-329
-329
-329
-329
-329
-329
-329
-329
-329
-329
-329
-329
-329
-329
-329
-329
-329
-329
-329
-329
-329
-329
-329
-329
-329
-329
-329
-329
-329
-329
-329
-329
-329
-329
-329
-329
-329
-329
-329
-329
-329
-329
-329
-329
-329
-329
-329
-329
-329
-329
-329
-329
-329
-329
-329
-329
-329
-329
-329
-329
-329
-329
-329
-329
-329
-329
-329
-329
-329
-329
-329
-329
-329
-329
-329
-329
-329
-329
-329
-329
-329
-329
-329
-329
-329
-329
-329
-329
-329
-329
