0	0
0	64
0	
0	
0	
0	
0	
0	
0	
0	
0	
0	
0	
0	
0	
0	
0
0
0
0
0
0
0
0
0
0
0
0
0
0
0
0
0
0
0
0
0
0
0
0
0
0
0
0
0
0
0
0
0
0
0
0
0
0
0
0
0
0
0
0
0
0
0
0
0
0
0
0
0
0
0
0
0
0
0
0
0
0
0
0
0
0
0
0
0
0
0
0
0
0
0
0
0
0
0
0
0
0
0
0
0
0
0
0
0
0
0
0
0
0
0
0
0
0
0
0
0
0
0
0
0
0
0
0
0
0
0
0
0
0
0
0
0
0
0
0
0
0
0
0
0
0
0
0
0
0
0
0
0
0
0
0
0
0
0
0
0
0
0
0
0
0
0
0
0
0
0
0
0
0
0
0
0
0
0
0
0
0
0
0
0
0
0
0
0
0
0
0
0
0
0
0
0
0
0
0
0
0
0
0
0
0
0
0
0
0
0
0
0
0
0
0
0
0
0
0
0
0
0
0
0
0
0
0
0
0
0
0
0
0
0
0
0
0
0
0
0
0
0
0
0
0
0
0
0
0
0
0
0
0
0
0
0
0
0
0
0
0
0
0
0
0
0
0
0
0
0
0
0
0
0
0
0
0
0
0
0
0
0
0
0
0
0
0
0
0
0
0
0
0
0
0
0
0
0
0
0
0
0
0
0
0
0
0
0
0
0
0
0
0
0
0
0
0
0
0
0
0
0
0
0
0
0
0
0
0
0
0
0
0
0
0
0
0
0
0
0
0
0
0
0
0
0
0
0
0
0
0
0
0
0
0
0
0
0
0
0
0
0
0
0
0
0
0
0
0
0
0
0
0
0
0
0
0
0
0
0
0
0
0
0
0
0
0
0
0
0
0
0
0
0
0
0
0
0
0
0
0
0
0
0
0
0
0
0
0
0
0
0
0
0
0
0
0
0
0
0
0
0
0
0
0
0
0
0
0
0
0
0
0
0
0
0
0
0
0
0
0
0
0
0
0
0
0
0
0
0
0
0
0
0
0
0
0
0
0
0
0
0
0
0
0
0
0
0
0
0
0
0
0
0
0
0
0
0
0
0
0
0
0
0
0
0
0
0
0
0
0
0
0
0
0
0
0
0
0
0
0
0
0
0
0
0
0
0
0
0
0
0
0
0
0
0
0
0
0
0
0
0
0
0
0
0
0
0
0
0
0
0
0
0
0
0
0
0
0
0
0
0
0
0
0
0
0
0
0
0
0
0
0
0
0
0
0
0
0
0
0
0
0
0
0
0
0
0
0
0
0
0
0
0
0
0
0
0
0
0
0
0
0
0
0
0
0
0
0
0
0
0
0
0
0
0
0
0
0
0
0
0
0
0
0
0
0
0
0
0
0
0
0
0
0
0
0
0
0
0
0
0
0
0
0
0
0
0
0
0
0
0
0
0
0
0
0
0
0
0
0
0
0
0
0
0
0
0
0
0
0
0
0
0
0
0
0
0
0
0
0
0
0
0
0
0
0
0
0
0
0
0
0
0
0
0
0
0
0
0
0
0
0
0
0
0
0
0
0
0
0
0
0
0
0
0
0
0
0
0
0
0
0
0
0
0
0
0
0
0
0
0
0
0
0
0
0
0
0
0
0
0
0
0
0
0
0
0
0
0
0
0
0
0
0
0
0
0
0
0
0
0
0
0
0
0
0
0
0
0
0
0
0
0
0
0
0
0
0
0
0
0
0
0
0
0
0
0
0
0
0
0
0
0
0
0
0
0
0
0
0
0
0
0
0
0
0
0
0
0
0
0
0
0
0
0
0
0
0
0
0
0
0
0
0
0
0
0
0
0
0
0
0
0
0
0
0
0
0
0
0
0
0
0
0
0
0
0
0
0
0
0
0
0
0
0
0
0
0
0
0
0
0
0
0
0
0
0
0
0
0
0
0
0
0
0
0
0
0
0
0
0
0
0
0
0
0
0
0
0
0
0
0
0
0
0
0
0
0
0
0
0
0
0
0
0
0
0
0
0
0
0
0
0
0
0
0
0
0
0
0
0
0
0
0
0
0
0
0
0
0
0
0
0
0
0
0
0
0
0
0
0
0
0
0
0
0
0
0
0
0
0
0
0
0
0
0
0
0
0
0
0
0
0
0
0
0
0
0
0
0
0
0
0
0
0
0
0
0
0
0
0
0
0
0
0
0
0
0
0
0
0
0
0
0
0
0
0
0
0
0
0
0
0
0
0
0
0
0
0
0
0
0
0
0
0
0
0
0
0
0
0
0
0
0
0
0
0
-4
-6
-8
-15
-22
-25
-25
-28
-30
-28
-28
-27
-27
-25
-21
-14
9
39
94
155
220
285
334
362
366
365
353
325
275
196
120
60
19
-14
-13
-9
-8
0
8
15
25
33
35
40
47
53
63
81
92
87
87
88
87
88
88
88
88
88
88
88
88
88
88
88
88
88
88
88
88
88
88
88
88
88
88
88
88
88
88
88
88
88
88
88
88
88
88
88
88
88
88
88
88
88
88
88
88
88
88
88
88
88
88
88
88
88
88
88
88
88
88
88
88
88
88
88
88
88
88
88
88
88
88
88
88
88
88
88
88
88
88
88
88
88
88
88
88
88
88
88
88
88
88
88
88
88
88
88
88
88
88
88
88
88
88
88
88
88
88
865
88
88
88
88
88
88
88
88
88
88
88
88
88
88
88
88
88
88
88
88
88
88
88
88
88
88
88
88
88
88
88
88
88
88
88
88
88
88
88
88
88
88
88
88
88
88
88
88
88
88
88
88
88
88
88
88
88
88
88
88
88
88
88
88
88
88
88
88
88
88
88
88
88
88
88
88
88
88
88
88
88
88
88
88
88
88
88
88
88
88
88
88
88
88
88
88
88
88
88
88
88
88
88
88
88
88
88
88
88
88
88
88
88
88
88
88
88
88
88
88
88
88
88
88
88
88
88
88
88
88
88
88
88
88
88
88
88
88
88
88
88
88
88
88
88
88
88
88
88
88
88
88
88
88
88
88
88
88
88
88
88
88
88
88
88
88
88
88
88
88
88
88
88
88
88
88
88
88
88
88
88
88
88
88
88
88
88
88
88
88
88
88
88
88
90
90
90
90
90
90
93
98
104
114
136
179
207
234
272
290
316
356
370
386
431
471
514
533
551
597
632
676
710
739
777
797
826
855
859
875
918
960
1003
1039
1074
1114
1146
1189
1211
1259
1300
1343
1368
1375
1378
1378
1375
1366
1341
1327
1338
1336
1336
1337
1337
1337
1338
1336
1331
1326
1318
1296
1250
1214
1160
1111
1061
1018
966
915
868
817
777
724
664
600
544
484
439
401
379
334
293
238
192
153
144
145
155
170
169
167
168
168
168
168
168
168
168
168
168
168
168
168
168
168
169
171
170
165
154
138
106
59
13
-47
-117
-200
-279
-343
-384
-422
-436
-444
-486
-548
-591
-588
-594
-606
-624
-671
-700
-723
-745
-765
-806
-846
-837
-831
-829
-830
-831
-831
-831
-831
-831
-831
-831
-831
-831
-831
-831
-831
-831
-831
-831
-831
-831
-831
-831
-831
-831
-831
-830
-828
-824
-816
-805
-780
-720
-665
-625
-595
-553
-533
-500
-465
-422
-360
-308
-276
-217
-154
-112
-89
-71
-77
-78
-77
-78
-77
-77
-77
-77
-78
-79
-80
-79
-79
-79
-79
-79
-79
-79
-78
-79
-79
-79
-79
-80
-79
-78
-75
-70
-64
-60
-59
-59
-58
-56
-49
-34
2
25
24
25
25
25
29
40
68
115
155
197
221
263
298
337
375
417
472
533
587
637
681
698
701
711
742
784
821
859
875
906
943
947
933
924
928
926
927
926
926
926
926
926
926
926
926
926
926
926
926
926
926
926
926
926
926
926
926
926
926
927
927
930
934
941
951
970
1006
1020
1014
1017
1021
1032
1052
1095
1128
1154
1186
1191
1195
1211
1253
1299
1338
1360
1369
1404
1457
1493
1523
1534
1553
1597
1630
1666
1693
1708
1743
1782
1809
1856
1879
1892
1922
1946
1932
1921
1928
1925
1926
1925
1925
1925
1925
1925
1926
1925
1923
1921
1925
1938
1957
2005
2063
2132
2197
2244
2294
2339
2375
2420
2472
2524
2564
2619
2669
2697
2689
2667
2667
2671
2668
2670
2669
2669
2669
2669
2669
2669
2669
2669
2671
2676
2682
2689
2707
2756
2820
2874
2913
2956
2997
3043
3096
3149
3203
3242
3285
3323
3362
3383
3426
3457
3456
3454
3452
3444
3441
3438
3421
3403
3382
3324
3255
3189
3126
3082
3066
3060
3031
2965
2889
2812
2755
2736
2752
2755
2754
2754
2755
2755
2755
2755
2755
2755
2755
2755
2755
2755
2754
2751
2751
2750
2749
2746
2743
2745
2747
2749
2751
2750
2750
2744
2730
2705
2654
2620
2580
2562
2552
2508
2449
2392
2350
2310
2273
2211
2154
2130
2097
2049
1986
1927
1893
1852
1778
1699
1620
1563
1510
1459
1444
1440
1441
1441
1441
1441
1441
1441
1441
1441
1441
1441
1441
1441
1441
1441
1441
1444
1445
1445
1444
1436
1420
1414
1415
1411
1393
1348
1293
1249
1223
1188
1121
1048
976
928
898
872
812
753
710
666
628
579
539
492
459
418
389
355
304
269
227
189
140
109
63
29
-18
-42
-73
-85
-82
-78
-62
-31
28
87
152
216
280
342
394
451
499
546
606
672
725
784
851
921
990
1049
1114
1174
1222
1277
1307
1330
1335
1332
1318
1288
1234
1191
1132
1073
1010
941
890
848
786
720
659
597
531
453
380
317
266
216
160
110
64
28
-33
-88
-125
-183
-236
-288
-343
-367
-355
-328
-324
-334
-328
-330
-329
-330
-330
-330
-330
-330
-330
-330
-330
-330
-330
-330
-330
-330
-330
-330
-330
-330
-330
-330
-330
-330
-330
-330
-330
-330
-330
-330
-330
-330
-330
-330
-330
-330
-330
-330
-330
-330
-330
-330
-330
-330
-330
-330
-330
-330
-330
-330
-330
-330
-330
-330
-330
-330
-330
-330
-330
-330
-330
-330
-330
-330
-330
-330
-330
-330
-330
-330
-330
-330
-330
-330
-330
-330
-330
-330
-330
-330
-330
-330
-330
-330
-330
-330
-330
-330
-330
-330
-330
-330
-330
-330
-330
-330
-330
-330
-330
-330
-330
-330
-330
-330
-330
-330
-330
-330
-330
-330
-330
-330
-330
-330
-330
-330
-330
-330
-330
-330
-330
-330
-330
-330
-330
-330
-330
-330
-330
-330
-330
-330
-330
-330
-330
-330
-330
-330
-330
-330
-330
-330
-330
-330
-330
-330
-330
-330
-330
-330
-330
-330
-330
-330
-330
-330
-330
-330
-330
-330
-330
-330
-330
-330
-330
-330
-330
-330
-330
-330
-330
-330
