2768981	53463
2768782	53465
2768599	53467
2768382	53469
2768200	53471
2767985	53473
2767779	53475
2767606	53477
2767385	53479
2767205	53481
2766990	53483
2766779	53485
2766607	53487
2766384	53489
2766207	53491
2765985	53493
2765813	53495
2765596	53497
2765380	53499
2765212	53501
2764995	53503
2764792	53505
2764590	53507
2764411	53509
2764214	53511
2763997	53513
2763819	53515
2763597	53517
2763420	53519
2763203	53521
2762998	53523
2762789	53525
2762626	53527
2762408	53529
2762216	53531
2762017	53533
2761821	53535
2761601	53537
2761423	53539
2761219	53541
2761013	53543
2760796	53545
2760630	53547
2760411	53549
2760206	53551
2759993	53553
2759832	53555
2759607	53557
2759432	53559
2759214	53561
2759010	53563
2758806	53565
2758600	53567
2758437	53569
2758219	53571
2758030	53573
2757836	53575
2757626	53577
2757436	53579
2757235	53581
2757020	53583
2756842	53585
2756629	53587
2756443	53589
2756217	53591
2756040	53593
2755840	53595
2755627	53597
2755417	53599
2755215	53601
2755043	53603
2754842	53605
2754637	53607
2754453	53609
2754232	53611
2754015	53613
2753852	53615
2753632	53617
2753455	53619
2753231	53621
2753055	53623
2752838	53625
2752628	53627
2752456	53629
2752238	53631
2752030	53633
2751858	53635
2751642	53637
2751440	53639
2751230	53641
2751024	53643
2750860	53645
2750640	53647
2750444	53649
2750233	53651
2750030	53653
2749864	53655
2749647	53657
2749441	53659
2749269	53661
2749051	53663
2748840	53665
2748670	53667
2748453	53669
2748240	53671
2748066	53673
2747867	53675
2747655	53677
2747442	53679
2747251	53681
2747072	53683
2746853	53685
2746671	53687
2746457	53689
2746247	53691
2746076	53693
2745861	53695
2745652	53697
2745449	53699
2745280	53701
2745063	53703
2744853	53705
2744679	53707
2744465	53709
2744256	53711
2744083	53713
2743860	53715
2743678	53717
2743480	53719
2743274	53721
2743083	53723
2742869	53725
2742654	53727
2742489	53729
2742275	53731
2742085	53733
2741875	53735
2741665	53737
2741482	53739
2741287	53741
2741072	53743
2740859	53745
2740661	53747
2740492	53749
2740273	53751
2740093	53753
2739878	53755
2739689	53757
2739494	53759
2739280	53761
2739065	53763
2738899	53765
2738673	53767
2738497	53769
2738277	53771
2738095	53773
2737893	53775
2737687	53777
2737473	53779
2737303	53781
2737083	53783
2736905	53785
2736683	53787
2736506	53789
2736290	53791
2736080	53793
2735911	53795
2735692	53797
2735484	53799
2735278	53801
2735112	53803
2734888	53805
2734710	53807
2734497	53809
2734307	53811
2734111	53813
2733893	53815
2733682	53817
2733513	53819
2733289	53821
2733117	53823
2732892	53825
2732716	53827
2732495	53829
2732318	53831
2732106	53833
2731912	53835
2731716	53837
2731496	53839
2731321	53841
2731097	53843
2730918	53845
2730715	53847
2730504	53849
2730324	53851
2730112	53853
2729919	53855
2729724	53857
2729504	53859
2729329	53861
2729112	53863
2728897	53865
2728729	53867
2728509	53869
2728330	53871
2728117	53873
2727926	53875
2727730	53877
2727524	53879
2727331	53881
2727116	53883
2726906	53885
2726737	53887
2726525	53889
2726332	53891
2726136	53893
2725922	53895
2725708	53897
2725543	53899
2725325	53901
2725123	53903
2724945	53905
2724728	53907
2724537	53909
2724343	53911
2724126	53913
2723918	53915
2723737	53917
2723540	53919
2723346	53921
2723124	53923
2722950	53925
2722734	53927
2722525	53929
2722319	53931
2722152	53933
2721933	53935
2721752	53937
2721531	53939
2721355	53941
2721140	53943
2720950	53945
2720751	53947
2720534	53949
2720360	53951
2720141	53953
2719935	53955
2719757	53957
2719541	53959
2719361	53961
2719139	53963
2718964	53965
2718739	53967
2718565	53969
2718341	53971
2718164	53973
2717945	53975
2717767	53977
2717551	53979
2717344	53981
2717133	53983
2716972	53985
2716755	53987
2716568	53989
2716356	53991
2716147	53993
2715946	53995
2715734	53997
2715573	53999
2715353	54001
2715176	54003
2714961	54005
2714777	54007
2714564	54009
2714375	54011
2714178	54013
2713963	54015
2713759	54017
2713581	54019
2713362	54021
2713183	54023
2712964	54025
2712789	54027
2712564	54029
2712390	54031
2712170	54033
2711961	54035
2711793	54037
2711568	54039
2711393	54041
2711168	54043
2710993	54045
2710777	54047
2710566	54049
2710395	54051
2710177	54053
2709973	54055
2709766	54057
2709595	54059
2709391	54061
2709181	54063
2708999	54065
2708783	54067
2708574	54069
2708398	54071
2708197	54073
2707979	54075
2707802	54077
2707602	54079
2707389	54081
2707203	54083
2706988	54085
2706780	54087
2706606	54089
2706387	54091
2706207	54093
2705994	54095
2705788	54097
2705585	54099
2705379	54101
2705175	54103
2705013	54105
2704794	54107
2704595	54109
2704382	54111
2704215	54113
2704000	54115
2703791	54117
2703614	54119
2703412	54121
2703205	54123
2703015	54125
2702818	54127
2702601	54129
2702424	54131
2702201	54133
2702026	54135
2701812	54137
2701626	54139
2701412	54141
2701193	54143
2701028	54145
2700810	54147
2700622	54149
2700429	54151
2700202	54153
2700024	54155
2699824	54157
2699614	54159
2699400	54161
2699235	54163
2699012	54165
2698835	54167
2698621	54169
2698434	54171
2698210	54173
2698035	54175
2697813	54177
2697636	54179
2697417	54181
2697239	54183
2697023	54185
2696812	54187
2696616	54189
2696403	54191
2696243	54193
2696024	54195
2695815	54197
2695644	54199
2695420	54201
2695243	54203
2695030	54205
2694821	54207
2694616	54209
2694448	54211
2694223	54213
2694047	54215
2693835	54217
2693642	54219
2693448	54221
2693223	54223
2693050	54225
2692829	54227
2692653	54229
2692437	54231
2692223	54233
2692029	54235
2691816	54237
2691649	54239
2691449	54241
2691239	54243
2691051	54245
2690838	54247
2690624	54249
2690453	54251
2690250	54253
2690042	54255
2689828	54257
2689657	54259
2689442	54261
2689234	54263
2689035	54265
2688823	54267
2688662	54269
2688440	54271
2688263	54273
2688049	54275
2687865	54277
2687645	54279
2687428	54281
2687264	54283
2687046	54285
2686846	54287
2686636	54289
2686433	54291
2686269	54293
2686051	54295
2685863	54297
2685667	54299
2685454	54301
2685243	54303
2685070	54305
2684856	54307
2684642	54309
2684475	54311
2684256	54313
2684042	54315
2683870	54317
2683668	54319
2683460	54321
2683246	54323
2683075	54325
2682861	54327
2682651	54329
2682480	54331
2682262	54333
2682050	54335
2681882	54337
2681658	54339
2681482	54341
2681269	54343
2681055	54345
2680857	54347
2680650	54349
2680485	54351
2680262	54353
2680086	54355
2679872	54357
2679657	54359
2679488	54361
2679266	54363
2679087	54365
2678872	54367
2678691	54369
2678474	54371
2678262	54373
2678091	54375
2677876	54377
2677672	54379
2677465	54381
2677258	54383
2677096	54385
2676872	54387
2676693	54389
