0	0
100	32
200	
300	
400	
500	
600	
700	
800	
900	
1000	
1100	
1200	
1300	
1400	
1500	
1600
1700
1800
1900
2000
2100
2200
2300
2400
2500
2600
2700
2800
2900
3000
3100
3200
3300
3400
3500
3600
3700
3800
3900
4000
4100
4200
4300
4400
4500
4600
4700
4800
4900
5000
5100
5200
5300
5400
5500
5600
5700
5800
5900
6000
6100
6200
6300
6400
6500
6600
6700
6800
6900
7000
7100
7200
7300
7400
7500
7600
7700
7800
7900
8000
8100
8200
8300
8400
8500
8600
8700
8800
8900
9000
9100
9200
9300
9400
9500
9600
9700
9800
9900
10000
10100
10200
10300
10400
10500
10600
10700
10800
10900
11000
11100
11200
11300
11400
11500
11600
11700
11800
11900
12000
12100
12200
12300
12400
12500
12600
12700
12800
12900
13000
13100
13200
13300
13400
13500
13600
13700
13800
13900
14000
14100
14200
14300
14400
14500
14600
14700
14800
14900
15000
15100
15200
15300
15400
15500
15600
15700
15800
15900
16000
16100
16200
16300
16400
16500
16600
16700
16800
16900
17000
17100
17200
17300
17400
17500
17600
17700
17800
17900
18000
18100
18200
18300
18400
18500
18600
18700
18800
18900
19000
19100
19200
19300
19400
19500
19600
19700
19800
19900
20000
20100
20200
20300
20400
20500
20600
20700
20800
20900
21000
21100
21200
21300
21400
21500
21600
21700
21800
21900
22000
22100
22200
22300
22400
22500
22600
22700
22800
22900
23000
23100
23200
23300
23400
23500
23600
23700
23800
23900
24000
24100
24200
24300
24400
24500
24600
24700
24800
24900
25000
25100
25200
25300
25400
25500
25600
25700
25800
25900
26000
26100
26200
26300
26400
26500
26600
26700
26800
26900
27000
27100
27200
27300
27400
27500
27600
27700
27800
27900
28000
28100
28200
28300
28400
28500
28600
28700
28800
28900
29000
29100
29200
29300
29400
29500
29600
29700
29800
29900
30000
30100
30200
30300
30400
30500
30600
30700
30800
30900
31000
31100
31200
31300
31400
31500
31600
31700
31800
31900
32000
32100
32200
32300
32400
32500
32600
32700
32800
32900
33000
33100
33200
33300
33400
33500
33600
33700
33800
33900
34000
34100
34200
34300
34400
34500
34600
34700
34800
34900
35000
35100
35200
35300
35400
35500
35600
35700
35800
35900
36000
36100
36200
36300
36400
36500
36600
36700
36800
36900
37000
37100
37200
37300
37400
37500
37600
37700
37800
37900
38000
38100
38200
38300
38400
38500
38600
38700
38800
38900
39000
39100
39200
39300
39400
39500
39600
39700
39800
39900
40000
40100
40200
40300
40400
40500
40600
40700
40800
40900
41000
41100
41200
41300
41400
41500
41600
41700
41800
41900
42000
42100
42200
42300
42400
42500
42600
42700
42800
42900
43000
43100
43200
43300
43400
43500
43600
43700
43800
43900
44000
44100
44200
44300
44400
44500
44600
44700
44800
44900
45000
45100
45200
45300
45400
45500
45600
45700
45800
45900
46000
46100
46200
46300
46400
46500
46600
46700
46800
46900
47000
47100
47200
47300
47400
47500
47600
47700
47800
47900
48000
48100
48200
48300
48400
48500
48600
48700
48800
48900
49000
49100
49200
49300
49400
49500
49600
49700
49800
49900
50000
50100
50200
50300
50400
50500
50600
50700
50800
50900
51000
51100
51200
51300
51400
51500
51600
51700
51800
51900
52000
52100
52200
52300
52400
52500
52600
52700
52800
52900
53000
53100
53200
53300
53400
53500
53600
53700
53800
53900
54000
54100
54200
54300
54400
54500
54600
54700
54800
54900
55000
55100
55200
55300
55400
55500
55600
55700
55800
55900
56000
56100
56200
56300
56400
56500
56600
56700
56800
56900
57000
57100
57200
57300
57400
57500
57600
57700
57800
57900
58000
58100
58200
58300
58400
58500
58600
58700
58800
58900
59000
59100
59200
59300
59400
59500
59600
59700
59800
59900
60000
60100
60200
60300
60400
60500
60600
60700
60800
60900
61000
61100
61200
61300
61400
61500
61600
61700
61800
61900
62000
62100
62200
62300
62400
62500
62600
62700
62800
62900
63000
63100
63200
63300
63400
63500
63600
63700
63800
63900
64000
64100
64200
64300
64400
64500
64600
64700
64800
64900
65000
65100
65200
65300
65400
65500
65600
65700
65800
65900
66000
66100
66200
66300
66400
66500
66600
66700
66800
66900
67000
67100
67200
67300
67400
67500
67600
67700
67800
67900
68000
68100
68200
68300
68400
68500
68600
68700
68800
68900
69000
69100
69200
69300
69400
69500
69600
69700
69800
69900
70000
70100
70200
70300
70400
70500
70600
70700
70800
70900
71000
71100
71200
71300
71400
71500
71600
71700
71800
71900
72000
72100
72200
72300
72400
72500
72600
72700
72800
72900
73000
73100
73200
73300
73400
73500
73600
73700
73800
73900
74000
74100
74200
74300
74400
74500
74600
74700
74800
74900
75000
75100
75200
75300
75400
75500
75600
75700
75800
75900
76000
76100
76200
76300
76400
76500
76600
76700
76800
76900
77000
77100
77200
77300
77400
77500
77600
77700
77800
77900
78000
78100
78200
78300
78400
78500
78600
78700
78800
78900
79000
79100
79200
79300
79400
79500
79600
79700
79800
79900
80000
80100
80200
80300
80400
80500
80600
80700
80800
80900
81000
81100
81200
81300
81400
81500
81600
81700
81800
81900
82000
82100
82200
82300
82400
82500
82600
82700
82800
82900
83000
83100
83200
83300
83400
83500
83600
83700
83800
83900
84000
84100
84200
84300
84400
84500
84600
84700
84800
84900
85000
85100
85200
85300
85400
85500
85600
85700
85800
85900
86000
86100
86200
86300
86400
86500
86600
86700
86800
86900
87000
87100
87200
87300
87400
87500
87600
87700
87800
87900
88000
88100
88200
88300
88400
88500
88600
88700
88800
88900
89000
89100
89200
89300
89400
89500
89600
89700
89800
89900
90000
90100
90200
90300
90400
90500
90600
90700
90800
90900
91000
91100
91200
91300
91400
91500
91600
91700
91800
91900
92000
92100
92200
92300
92400
92500
92600
92700
92800
92900
93000
93100
93200
93300
93400
93500
93600
93700
93800
93900
94000
94100
94200
94300
94400
94500
94600
94700
94800
94900
95000
95100
95200
95300
95400
95500
95600
95700
95800
95900
96000
96100
96200
96300
96400
96500
96600
96700
96800
96900
97000
97100
97200
97300
97400
97500
97600
97700
97800
97900
98000
98100
98200
98300
98400
98500
98600
98700
98800
98900
99000
99100
99200
99300
99400
99500
99600
99700
99800
99900
100000
100100
100200
100300
100400
100500
100600
100700
100800
100900
101000
101100
101200
101300
101400
101500
101600
101700
101800
101900
102000
102100
102200
102300
102400
102500
102600
102700
102800
102900
103000
103100
103200
103300
103400
103500
103600
103700
103800
103900
104000
104100
104200
104300
104400
104500
104600
104700
104800
104900
105000
105100
105200
105300
105400
105500
105600
105700
105800
105900
106000
106100
106200
106300
106400
106500
106600
106700
106800
106900
107000
107100
107200
107300
107400
107500
107600
107700
107800
107900
108000
108100
108200
108300
108400
108500
108600
108700
108800
108900
109000
109100
109200
109300
109400
109500
109600
109700
109800
109900
110000
110100
110200
110300
110400
110500
110600
110700
110800
110900
111000
111100
111200
111300
111400
111500
111600
111700
111800
111900
112000
112100
112200
112300
112400
112500
112600
112700
112800
112900
113000
113100
113200
113300
113400
113500
113600
113700
113800
113900
114000
114100
114200
114300
114400
114500
114600
114700
114800
114900
115000
115100
115200
115300
115400
115500
115600
115700
115800
115900
116000
116100
116200
116300
116400
116500
116600
116700
116800
116900
117000
117100
117200
117300
117400
117500
117600
117700
117800
117900
118000
118100
118200
118300
118400
118500
118600
118700
118800
118900
119000
119100
119200
119300
119400
119500
119600
119700
119800
119900
120000
120100
120200
120300
120400
120500
120600
120700
120800
120900
121000
121100
121200
121300
121400
121500
121600
121700
121800
121900
122000
122100
122200
122300
122400
122500
122600
122700
122600
122500
122400
122300
122200
122100
122000
121900
121800
121700
121600
121500
121400
121300
121200
121100
121000
120900
120800
120700
120600
120500
120400
120300
120200
120100
120000
119900
119800
119700
119600
119500
119400
119300
119200
119100
119000
118900
118800
118700
118600
118500
118400
118300
118200
118100
118000
117900
117800
117700
117600
117500
117400
117300
117200
117100
117000
116900
116800
116700
116600
116500
116400
116300
116200
116100
116000
115900
115800
115700
115600
115500
115400
115300
115200
115100
115000
114900
114800
114700
114600
114500
114400
114300
114200
114100
114000
113900
113800
113700
113600
113500
113400
113300
113200
113100
113000
112900
112800
112700
112600
112500
112400
112300
112200
112100
112000
111900
111800
111700
111600
111500
111400
111300
111200
111100
111000
110900
110800
110700
110600
110500
110400
110300
110200
110100
110000
109900
109800
109700
109600
109500
109400
109300
109200
109100
109000
108900
108800
108700
108600
108500
108400
108300
108200
108100
108000
107900
107800
107700
107600
107500
107400
107300
107200
107100
107000
106900
106800
106700
106600
106500
106400
106300
106200
106100
106000
105900
105800
105700
105600
105500
105400
105300
105200
105100
105000
104900
104800
104700
104600
104500
104400
104300
104200
104100
104000
103900
103800
103700
103600
103500
103400
103300
103200
103100
103000
102900
102800
102700
102600
102500
102400
102300
102200
102100
102000
101900
101800
101700
101600
101500
101400
101300
101200
101100
101000
100900
100800
100700
100600
100500
100400
100300
100200
100100
100000
99900
99800
99700
99600
99500
99400
99300
99200
99100
99000
98900
98800
98700
98600
98500
98400
98300
98200
98100
98000
97900
97800
97700
97600
97500
97400
97300
97200
97100
97000
96900
96800
96700
96600
96500
96400
96300
96200
96100
96000
95900
95800
95700
95600
95500
95400
95300
95200
95100
95000
94900
94800
94700
94600
94500
94400
94300
94200
94100
94000
93900
93800
93700
93600
93500
93400
93300
93200
93100
93000
92900
92800
92700
92600
92500
92400
92300
92200
92100
92000
91900
91800
91700
91600
91500
91400
91300
91200
91100
91000
90900
90800
90700
90600
90500
90400
90300
90200
90100
90000
89900
89800
89700
89600
89500
89400
89300
89200
89100
89000
88900
88800
88700
88600
88500
88400
88300
88200
88100
88000
87900
87800
87700
87600
87500
87400
87300
87200
87100
87000
86900
86800
86700
86600
86500
86400
86300
86200
86100
86000
85900
85800
85700
85600
85500
85400
85300
85200
85100
85000
84900
84800
84700
84600
84500
84400
84300
84200
84100
84000
83900
83800
83700
83600
83500
83400
83300
83200
83100
83000
82900
82800
82700
82600
82500
82400
82300
82200
82100
82000
81900
81800
81700
81600
81500
81400
81300
81200
81100
81000
80900
80800
80700
80600
80500
80400
80300
80200
80100
80000
79900
79800
79700
79600
79500
79400
79300
79200
79100
79000
78900
78800
78700
78600
78500
78400
78300
78200
78100
78000
77900
77800
77700
77600
77500
77400
77300
77200
77100
77000
76900
76800
76700
76600
76500
76400
76300
76200
76100
76000
75900
75800
75700
75600
75500
75400
75300
75200
75100
75000
74900
74800
74700
74600
74500
74400
74300
74200
74100
74000
73900
73800
73700
73600
73500
73400
73300
73200
73100
73000
72900
72800
72700
72600
72500
72400
72300
72200
72100
72000
71900
71800
71700
71600
71500
71400
71300
71200
71100
71000
70900
70800
70700
70600
70500
70400
70300
70200
70100
70000
69900
69800
69700
69600
69500
69400
69300
69200
69100
69000
68900
68800
68700
68600
68500
68400
68300
68200
68100
68000
67900
67800
67700
67600
67500
67400
67300
67200
67100
67000
66900
66800
66700
66600
66500
66400
66300
66200
66100
66000
65900
65800
65700
65600
65500
65400
65300
65200
65100
65000
64900
64800
64700
64600
64500
64400
64300
64200
64100
64000
63900
63800
63700
63600
63500
63400
63300
63200
63100
63000
62900
62800
62700
62600
62500
62400
62300
62200
62100
62000
61900
61800
61700
61600
61500
61400
61300
61200
61100
61000
60900
60800
60700
60600
60500
60400
60300
60200
60100
60000
59900
59800
59700
59600
59500
59400
59300
59200
59100
59000
58900
58800
58700
58600
58500
58400
58300
58200
58100
58000
57900
57800
57700
57600
57500
57400
57300
57200
57100
57000
56900
56800
56700
56600
56500
56400
56300
56200
56100
56000
55900
55800
55700
55600
55500
55400
55300
55200
55100
55000
54900
54800
54700
54600
54500
54400
54300
54200
54100
54000
53900
53800
53700
53600
53500
53400
53300
53200
53100
53000
52900
52800
52700
52600
52500
52400
52300
52200
52100
52000
51900
51800
51700
51600
51500
51400
51300
51200
51100
51000
50900
50800
50700
50600
50500
50400
50300
50200
50100
50000
49900
49800
49700
49600
49500
49400
49300
49200
49100
49000
48900
48800
48700
48600
48500
48400
48300
48200
48100
48000
47900
47800
47700
47600
47500
47400
47300
47200
47100
47000
46900
46800
46700
46600
46500
46400
46300
46200
46100
46000
45900
45800
45700
45600
45500
45400
45300
45200
45100
45000
44900
44800
44700
44600
44500
44400
44300
44200
44100
44000
43900
43800
43700
43600
43500
43400
43300
43200
43100
43000
42900
42800
42700
42600
42500
42400
42300
42200
42100
42000
41900
41800
41700
41600
41500
41400
41300
41200
41100
41000
40900
40800
40700
40600
40500
40400
40300
40200
40100
40000
39900
39800
39700
39600
39500
39400
39300
39200
39100
39000
38900
38800
38700
38600
38500
38400
38300
38200
38100
38000
37900
37800
37700
37600
37500
37400
37300
37200
37100
37000
36900
36800
36700
36600
36500
36400
36300
36200
36100
36000
35900
35800
35700
35600
35500
35400
35300
35200
35100
35000
34900
34800
34700
34600
34500
34400
34300
34200
34100
34000
33900
33800
33700
33600
33500
33400
33300
33200
33100
33000
32900
32800
32700
32600
32500
32400
32300
32200
32100
32000
31900
31800
31700
31600
31500
31400
31300
31200
31100
31000
30900
30800
30700
30600
30500
30400
30300
30200
30100
30000
29900
29800
29700
29600
29500
29400
29300
29200
29100
29000
28900
28800
28700
28600
28500
28400
28300
28200
28100
28000
27900
27800
27700
27600
27500
27400
27300
27200
27100
27000
26900
26800
26700
26600
26500
26400
26300
26200
26100
26000
25900
25800
25700
25600
25500
25400
25300
25200
25100
25000
24900
24800
24700
24600
24500
24400
24300
24200
24100
24000
23900
23800
23700
23600
23500
23400
23300
23200
23100
23000
22900
22800
22700
22600
22500
22400
22300
22200
22100
22000
21900
21800
21700
21600
21500
21400
21300
21200
21100
21000
20900
20800
20700
20600
20500
20400
20300
20200
20100
20000
19900
19800
19700
19600
19500
19400
19300
19200
19100
19000
18900
18800
18700
18600
18500
18400
18300
18200
18100
18000
17900
17800
17700
17600
17500
17400
17300
17200
17100
17000
16900
16800
16700
16600
16500
16400
16300
16200
16100
16000
15900
15800
15700
15600
15500
15400
15300
15200
15100
15000
14900
14800
14700
14600
14500
14400
14300
14200
14100
14000
13900
13800
13700
13600
13500
13400
13300
13200
13100
13000
12900
12800
12700
12600
12500
12400
12300
12200
12100
12000
11900
11800
11700
11600
11500
11400
11300
11200
11100
11000
10900
10800
10700
10600
10500
10400
10300
10200
10100
10000
9900
9800
9700
9600
9500
9400
9300
9200
9100
9000
8900
8800
8700
8600
8500
8400
8300
8200
8100
8000
7900
7800
7700
7600
7500
7400
7300
7200
7100
7000
6900
6800
6700
6600
6500
6400
6300
6200
6100
6000
5900
5800
5700
5600
5500
5400
5300
5200
5100
5000
4900
4800
4700
4600
4500
4400
4300
4200
4100
4000
3900
3800
3700
3600
3500
3400
3300
3200
3100
3000
2900
2800
2700
2600
2500
2400
2300
2200
2100
2000
1900
1800
1700
1600
1500
1400
1300
1200
1100
1000
900
800
700
600
500
400
300
200
100
0
-100
-200
-300
-400
-500
-600
-700
-800
-900
-1000
-1100
-1200
-1300
-1400
-1500
-1600
-1700
-1800
-1900
-2000
-2100
-2200
-2300
-2400
-2500
-2600
-2700
-2800
-2900
-3000
-3100
-3200
-3300
-3400
-3500
-3600
-3700
-3800
-3900
-4000
-4100
-4200
-4300
-4400
-4500
-4600
-4700
-4800
-4900
-5000
-5100
-5200
-5300
-5400
-5500
-5600
-5700
-5800
-5900
-6000
-6100
-6200
-6300
-6400
-6500
-6600
-6700
