LabVIEW Measurement	
Writer_Version	0.92
Reader_Version	1
Separator	Tab
Multi_Headings	No
X_Columns	One
Time_Pref	Relative
Operator	LHRI
Date	2006/09/18
Time	12:14:00.614999
***End_of_Header***	
	
Channels	1	
Samples	1000	
Date	2006/09/18	
Time	12:14:00.614999	
X_Dimension	Time	
X0	0.0000000000000000E+0	
Delta_X	0.010000	
***End_of_Header***		
X_Value	Wrist Extensors	Comment
0.000000	20.000000
0.010000	19.979980
0.020000	19.959960
0.030000	19.939940
0.040000	19.919920
0.050000	19.899900
0.060000	19.879880
0.070000	19.859860
0.080000	19.839840
0.090000	19.819820
0.100000	19.799800
0.110000	19.779780
0.120000	19.759760
0.130000	19.739740
0.140000	19.719720
0.150000	19.699700
0.160000	19.679680
0.170000	19.659660
0.180000	19.639640
0.190000	19.619620
0.200000	19.599600
0.210000	19.579580
0.220000	19.559560
0.230000	19.539540
0.240000	19.519520
0.250000	19.499499
0.260000	19.479479
0.270000	19.459459
0.280000	19.439439
0.290000	19.419419
0.300000	19.399399
0.310000	19.379379
0.320000	19.359359
0.330000	19.339339
0.340000	19.319319
0.350000	19.299299
0.360000	19.279279
0.370000	19.259259
0.380000	19.239239
0.390000	19.219219
0.400000	19.199199
0.410000	19.179179
0.420000	19.159159
0.430000	19.139139
0.440000	19.119119
0.450000	19.099099
0.460000	19.079079
0.470000	19.059059
0.480000	19.039039
0.490000	19.019019
0.500000	18.998999
0.510000	18.978979
0.520000	18.958959
0.530000	18.938939
0.540000	18.918919
0.550000	18.898899
0.560000	18.878879
0.570000	18.858859
0.580000	18.838839
0.590000	18.818819
0.600000	18.798799
0.610000	18.778779
0.620000	18.758759
0.630000	18.738739
0.640000	18.718719
0.650000	18.698699
0.660000	18.678679
0.670000	18.658659
0.680000	18.638639
0.690000	18.618619
0.700000	18.598599
0.710000	18.578579
0.720000	18.558559
0.730000	18.538539
0.740000	18.518519
0.750000	18.498498
0.760000	18.478478
0.770000	18.458458
0.780000	18.438438
0.790000	18.418418
0.800000	18.398398
0.810000	18.378378
0.820000	18.358358
0.830000	18.338338
0.840000	18.318318
0.850000	18.298298
0.860000	18.278278
0.870000	18.258258
0.880000	18.238238
0.890000	18.218218
0.900000	18.198198
0.910000	18.178178
0.920000	18.158158
0.930000	18.138138
0.940000	18.118118
0.950000	18.098098
0.960000	18.078078
0.970000	18.058058
0.980000	18.038038
0.990000	18.018018
1.000000	17.997998
1.010000	17.977978
1.020000	17.957958
1.030000	17.937938
1.040000	17.917918
1.050000	17.897898
1.060000	17.877878
1.070000	17.857858
1.080000	17.837838
1.090000	17.817818
1.100000	17.797798
1.110000	17.777778
1.120000	17.757758
1.130000	17.737738
1.140000	17.717718
1.150000	17.697698
1.160000	17.677678
1.170000	17.657658
1.180000	17.637638
1.190000	17.617618
1.200000	17.597598
1.210000	17.577578
1.220000	17.557558
1.230000	17.537538
1.240000	17.517518
1.250000	17.497497
1.260000	17.477477
1.270000	17.457457
1.280000	17.437437
1.290000	17.417417
1.300000	17.397397
1.310000	17.377377
1.320000	17.357357
1.330000	17.337337
1.340000	17.317317
1.350000	17.297297
1.360000	17.277277
1.370000	17.257257
1.380000	17.237237
1.390000	17.217217
1.400000	17.197197
1.410000	17.177177
1.420000	17.157157
1.430000	17.137137
1.440000	17.117117
1.450000	17.097097
1.460000	17.077077
1.470000	17.057057
1.480000	17.037037
1.490000	17.017017
1.500000	16.996997
1.510000	16.976977
1.520000	16.956957
1.530000	16.936937
1.540000	16.916917
1.550000	16.896897
1.560000	16.876877
1.570000	16.856857
1.580000	16.836837
1.590000	16.816817
1.600000	16.796797
1.610000	16.776777
1.620000	16.756757
1.630000	16.736737
1.640000	16.716717
1.650000	16.696697
1.660000	16.676677
1.670000	16.656657
1.680000	16.636637
1.690000	16.616617
1.700000	16.596597
1.710000	16.576577
1.720000	16.556557
1.730000	16.536537
1.740000	16.516517
1.750000	16.496496
1.760000	16.476476
1.770000	16.456456
1.780000	16.436436
1.790000	16.416416
1.800000	16.396396
1.810000	16.376376
1.820000	16.356356
1.830000	16.336336
1.840000	16.316316
1.850000	16.296296
1.860000	16.276276
1.870000	16.256256
1.880000	16.236236
1.890000	16.216216
1.900000	16.196196
1.910000	16.176176
1.920000	16.156156
1.930000	16.136136
1.940000	16.116116
1.950000	16.096096
1.960000	16.076076
1.970000	16.056056
1.980000	16.036036
1.990000	16.016016
2.000000	15.995996
2.010000	15.975976
2.020000	15.955956
2.030000	15.935936
2.040000	15.915916
2.050000	15.895896
2.060000	15.875876
2.070000	15.855856
2.080000	15.835836
2.090000	15.815816
2.100000	15.795796
2.110000	15.775776
2.120000	15.755756
2.130000	15.735736
2.140000	15.715716
2.150000	15.695696
2.160000	15.675676
2.170000	15.655656
2.180000	15.635636
2.190000	15.615616
2.200000	15.595596
2.210000	15.575576
2.220000	15.555556
2.230000	15.535536
2.240000	15.515516
2.250000	15.495495
2.260000	15.475475
2.270000	15.455455
2.280000	15.435435
2.290000	15.415415
2.300000	15.395395
2.310000	15.375375
2.320000	15.355355
2.330000	15.335335
2.340000	15.315315
2.350000	15.295295
2.360000	15.275275
2.370000	15.255255
2.380000	15.235235
2.390000	15.215215
2.400000	15.195195
2.410000	15.175175
2.420000	15.155155
2.430000	15.135135
2.440000	15.115115
2.450000	15.095095
2.460000	15.075075
2.470000	15.055055
2.480000	15.035035
2.490000	15.015015
2.500000	14.994995
2.510000	14.974975
2.520000	14.954955
2.530000	14.934935
2.540000	14.914915
2.550000	14.894895
2.560000	14.874875
2.570000	14.854855
2.580000	14.834835
2.590000	14.814815
2.600000	14.794795
2.610000	14.774775
2.620000	14.754755
2.630000	14.734735
2.640000	14.714715
2.650000	14.694695
2.660000	14.674675
2.670000	14.654655
2.680000	14.634635
2.690000	14.614615
2.700000	14.594595
2.710000	14.574575
2.720000	14.554555
2.730000	14.534535
2.740000	14.514515
2.750000	14.494494
2.760000	14.474474
2.770000	14.454454
2.780000	14.434434
2.790000	14.414414
2.800000	14.394394
2.810000	14.374374
2.820000	14.354354
2.830000	14.334334
2.840000	14.314314
2.850000	14.294294
2.860000	14.274274
2.870000	14.254254
2.880000	14.234234
2.890000	14.214214
2.900000	14.194194
2.910000	14.174174
2.920000	14.154154
2.930000	14.134134
2.940000	14.114114
2.950000	14.094094
2.960000	14.074074
2.970000	14.054054
2.980000	14.034034
2.990000	14.014014
3.000000	13.993994
3.010000	13.973974
3.020000	13.953954
3.030000	13.933934
3.040000	13.913914
3.050000	13.893894
3.060000	13.873874
3.070000	13.853854
3.080000	13.833834
3.090000	13.813814
3.100000	13.793794
3.110000	13.773774
3.120000	13.753754
3.130000	13.733734
3.140000	13.713714
3.150000	13.693694
3.160000	13.673674
3.170000	13.653654
3.180000	13.633634
3.190000	13.613614
3.200000	13.593594
3.210000	13.573574
3.220000	13.553554
3.230000	13.533534
3.240000	13.513514
3.250000	13.493493
3.260000	13.473473
3.270000	13.453453
3.280000	13.433433
3.290000	13.413413
3.300000	13.393393
3.310000	13.373373
3.320000	13.353353
3.330000	13.333333
3.340000	13.313313
3.350000	13.293293
3.360000	13.273273
3.370000	13.253253
3.380000	13.233233
3.390000	13.213213
3.400000	13.193193
3.410000	13.173173
3.420000	13.153153
3.430000	13.133133
3.440000	13.113113
3.450000	13.093093
3.460000	13.073073
3.470000	13.053053
3.480000	13.033033
3.490000	13.013013
3.500000	12.992993
3.510000	12.972973
3.520000	12.952953
3.530000	12.932933
3.540000	12.912913
3.550000	12.892893
3.560000	12.872873
3.570000	12.852853
3.580000	12.832833
3.590000	12.812813
3.600000	12.792793
3.610000	12.772773
3.620000	12.752753
3.630000	12.732733
3.640000	12.712713
3.650000	12.692693
3.660000	12.672673
3.670000	12.652653
3.680000	12.632633
3.690000	12.612613
3.700000	12.592593
3.710000	12.572573
3.720000	12.552553
3.730000	12.532533
3.740000	12.512513
3.750000	12.492492
3.760000	12.472472
3.770000	12.452452
3.780000	12.432432
3.790000	12.412412
3.800000	12.392392
3.810000	12.372372
3.820000	12.352352
3.830000	12.332332
3.840000	12.312312
3.850000	12.292292
3.860000	12.272272
3.870000	12.252252
3.880000	12.232232
3.890000	12.212212
3.900000	12.192192
3.910000	12.172172
3.920000	12.152152
3.930000	12.132132
3.940000	12.112112
3.950000	12.092092
3.960000	12.072072
3.970000	12.052052
3.980000	12.032032
3.990000	12.012012
4.000000	11.991992
4.010000	11.971972
4.020000	11.951952
4.030000	11.931932
4.040000	11.911912
4.050000	11.891892
4.060000	11.871872
4.070000	11.851852
4.080000	11.831832
4.090000	11.811812
4.100000	11.791792
4.110000	11.771772
4.120000	11.751752
4.130000	11.731732
4.140000	11.711712
4.150000	11.691692
4.160000	11.671672
4.170000	11.651652
4.180000	11.631632
4.190000	11.611612
4.200000	11.591592
4.210000	11.571572
4.220000	11.551552
4.230000	11.531532
4.240000	11.511512
4.250000	11.491491
4.260000	11.471471
4.270000	11.451451
4.280000	11.431431
4.290000	11.411411
4.300000	11.391391
4.310000	11.371371
4.320000	11.351351
4.330000	11.331331
4.340000	11.311311
4.350000	11.291291
4.360000	11.271271
4.370000	11.251251
4.380000	11.231231
4.390000	11.211211
4.400000	11.191191
4.410000	11.171171
4.420000	11.151151
4.430000	11.131131
4.440000	11.111111
4.450000	11.091091
4.460000	11.071071
4.470000	11.051051
4.480000	11.031031
4.490000	11.011011
4.500000	10.990991
4.510000	10.970971
4.520000	10.950951
4.530000	10.930931
4.540000	10.910911
4.550000	10.890891
4.560000	10.870871
4.570000	10.850851
4.580000	10.830831
4.590000	10.810811
4.600000	10.790791
4.610000	10.770771
4.620000	10.750751
4.630000	10.730731
4.640000	10.710711
4.650000	10.690691
4.660000	10.670671
4.670000	10.650651
4.680000	10.630631
4.690000	10.610611
4.700000	10.590591
4.710000	10.570571
4.720000	10.550551
4.730000	10.530531
4.740000	10.510511
4.750000	10.490490
4.760000	10.470470
4.770000	10.450450
4.780000	10.430430
4.790000	10.410410
4.800000	10.390390
4.810000	10.370370
4.820000	10.350350
4.830000	10.330330
4.840000	10.310310
4.850000	10.290290
4.860000	10.270270
4.870000	10.250250
4.880000	10.230230
4.890000	10.210210
4.900000	10.190190
4.910000	10.170170
4.920000	10.150150
4.930000	10.130130
4.940000	10.110110
4.950000	10.090090
4.960000	10.070070
4.970000	10.050050
4.980000	10.030030
4.990000	10.010010
5.000000	9.989990
5.010000	9.969970
5.020000	9.949950
5.030000	9.929930
5.040000	9.909910
5.050000	9.889890
5.060000	9.869870
5.070000	9.849850
5.080000	9.829830
5.090000	9.809810
5.100000	9.789790
5.110000	9.769770
5.120000	9.749750
5.130000	9.729730
5.140000	9.709710
5.150000	9.689690
5.160000	9.669670
5.170000	9.649650
5.180000	9.629630
5.190000	9.609610
5.200000	9.589590
5.210000	9.569570
5.220000	9.549550
5.230000	9.529530
5.240000	9.509510
5.250000	9.489489
5.260000	9.469469
5.270000	9.449449
5.280000	9.429429
5.290000	9.409409
5.300000	9.389389
5.310000	9.369369
5.320000	9.349349
5.330000	9.329329
5.340000	9.309309
5.350000	9.289289
5.360000	9.269269
5.370000	9.249249
5.380000	9.229229
5.390000	9.209209
5.400000	9.189189
5.410000	9.169169
5.420000	9.149149
5.430000	9.129129
5.440000	9.109109
5.450000	9.089089
5.460000	9.069069
5.470000	9.049049
5.480000	9.029029
5.490000	9.009009
5.500000	8.988989
5.510000	8.968969
5.520000	8.948949
5.530000	8.928929
5.540000	8.908909
5.550000	8.888889
5.560000	8.868869
5.570000	8.848849
5.580000	8.828829
5.590000	8.808809
5.600000	8.788789
5.610000	8.768769
5.620000	8.748749
5.630000	8.728729
5.640000	8.708709
5.650000	8.688689
5.660000	8.668669
5.670000	8.648649
5.680000	8.628629
5.690000	8.608609
5.700000	8.588589
5.710000	8.568569
5.720000	8.548549
5.730000	8.528529
5.740000	8.508509
5.750000	8.488488
5.760000	8.468468
5.770000	8.448448
5.780000	8.428428
5.790000	8.408408
5.800000	8.388388
5.810000	8.368368
5.820000	8.348348
5.830000	8.328328
5.840000	8.308308
5.850000	8.288288
5.860000	8.268268
5.870000	8.248248
5.880000	8.228228
5.890000	8.208208
5.900000	8.188188
5.910000	8.168168
5.920000	8.148148
5.930000	8.128128
5.940000	8.108108
5.950000	8.088088
5.960000	8.068068
5.970000	8.048048
5.980000	8.028028
5.990000	8.008008
6.000000	7.987988
6.010000	7.967968
6.020000	7.947948
6.030000	7.927928
6.040000	7.907908
6.050000	7.887888
6.060000	7.867868
6.070000	7.847848
6.080000	7.827828
6.090000	7.807808
6.100000	7.787788
6.110000	7.767768
6.120000	7.747748
6.130000	7.727728
6.140000	7.707708
6.150000	7.687688
6.160000	7.667668
6.170000	7.647648
6.180000	7.627628
6.190000	7.607608
6.200000	7.587588
6.210000	7.567568
6.220000	7.547548
6.230000	7.527528
6.240000	7.507508
6.250000	7.487487
6.260000	7.467467
6.270000	7.447447
6.280000	7.427427
6.290000	7.407407
6.300000	7.387387
6.310000	7.367367
6.320000	7.347347
6.330000	7.327327
6.340000	7.307307
6.350000	7.287287
6.360000	7.267267
6.370000	7.247247
6.380000	7.227227
6.390000	7.207207
6.400000	7.187187
6.410000	7.167167
6.420000	7.147147
6.430000	7.127127
6.440000	7.107107
6.450000	7.087087
6.460000	7.067067
6.470000	7.047047
6.480000	7.027027
6.490000	7.007007
6.500000	6.986987
6.510000	6.966967
6.520000	6.946947
6.530000	6.926927
6.540000	6.906907
6.550000	6.886887
6.560000	6.866867
6.570000	6.846847
6.580000	6.826827
6.590000	6.806807
6.600000	6.786787
6.610000	6.766767
6.620000	6.746747
6.630000	6.726727
6.640000	6.706707
6.650000	6.686687
6.660000	6.666667
6.670000	6.646647
6.680000	6.626627
6.690000	6.606607
6.700000	6.586587
6.710000	6.566567
6.720000	6.546547
6.730000	6.526527
6.740000	6.506507
6.750000	6.486486
6.760000	6.466466
6.770000	6.446446
6.780000	6.426426
6.790000	6.406406
6.800000	6.386386
6.810000	6.366366
6.820000	6.346346
6.830000	6.326326
6.840000	6.306306
6.850000	6.286286
6.860000	6.266266
6.870000	6.246246
6.880000	6.226226
6.890000	6.206206
6.900000	6.186186
6.910000	6.166166
6.920000	6.146146
6.930000	6.126126
6.940000	6.106106
6.950000	6.086086
6.960000	6.066066
6.970000	6.046046
6.980000	6.026026
6.990000	6.006006
7.000000	5.985986
7.010000	5.965966
7.020000	5.945946
7.030000	5.925926
7.040000	5.905906
7.050000	5.885886
7.060000	5.865866
7.070000	5.845846
7.080000	5.825826
7.090000	5.805806
7.100000	5.785786
7.110000	5.765766
7.120000	5.745746
7.130000	5.725726
7.140000	5.705706
7.150000	5.685686
7.160000	5.665666
7.170000	5.645646
7.180000	5.625626
7.190000	5.605606
7.200000	5.585586
7.210000	5.565566
7.220000	5.545546
7.230000	5.525526
7.240000	5.505506
7.250000	5.485485
7.260000	5.465465
7.270000	5.445445
7.280000	5.425425
7.290000	5.405405
7.300000	5.385385
7.310000	5.365365
7.320000	5.345345
7.330000	5.325325
7.340000	5.305305
7.350000	5.285285
7.360000	5.265265
7.370000	5.245245
7.380000	5.225225
7.390000	5.205205
7.400000	5.185185
7.410000	5.165165
7.420000	5.145145
7.430000	5.125125
7.440000	5.105105
7.450000	5.085085
7.460000	5.065065
7.470000	5.045045
7.480000	5.025025
7.490000	5.005005
7.500000	4.984985
7.510000	4.964965
7.520000	4.944945
7.530000	4.924925
7.540000	4.904905
7.550000	4.884885
7.560000	4.864865
7.570000	4.844845
7.580000	4.824825
7.590000	4.804805
7.600000	4.784785
7.610000	4.764765
7.620000	4.744745
7.630000	4.724725
7.640000	4.704705
7.650000	4.684685
7.660000	4.664665
7.670000	4.644645
7.680000	4.624625
7.690000	4.604605
7.700000	4.584585
7.710000	4.564565
7.720000	4.544545
7.730000	4.524525
7.740000	4.504505
7.750000	4.484484
7.760000	4.464464
7.770000	4.444444
7.780000	4.424424
7.790000	4.404404
7.800000	4.384384
7.810000	4.364364
7.820000	4.344344
7.830000	4.324324
7.840000	4.304304
7.850000	4.284284
7.860000	4.264264
7.870000	4.244244
7.880000	4.224224
7.890000	4.204204
7.900000	4.184184
7.910000	4.164164
7.920000	4.144144
7.930000	4.124124
7.940000	4.104104
7.950000	4.084084
7.960000	4.064064
7.970000	4.044044
7.980000	4.024024
7.990000	4.004004
8.000000	3.983984
8.010000	3.963964
8.020000	3.943944
8.030000	3.923924
8.040000	3.903904
8.050000	3.883884
8.060000	3.863864
8.070000	3.843844
8.080000	3.823824
8.090000	3.803804
8.100000	3.783784
8.110000	3.763764
8.120000	3.743744
8.130000	3.723724
8.140000	3.703704
8.150000	3.683684
8.160000	3.663664
8.170000	3.643644
8.180000	3.623624
8.190000	3.603604
8.200000	3.583584
8.210000	3.563564
8.220000	3.543544
8.230000	3.523524
8.240000	3.503504
8.250000	3.483483
8.260000	3.463463
8.270000	3.443443
8.280000	3.423423
8.290000	3.403403
8.300000	3.383383
8.310000	3.363363
8.320000	3.343343
8.330000	3.323323
8.340000	3.303303
8.350000	3.283283
8.360000	3.263263
8.370000	3.243243
8.380000	3.223223
8.390000	3.203203
8.400000	3.183183
8.410000	3.163163
8.420000	3.143143
8.430000	3.123123
8.440000	3.103103
8.450000	3.083083
8.460000	3.063063
8.470000	3.043043
8.480000	3.023023
8.490000	3.003003
8.500000	2.982983
8.510000	2.962963
8.520000	2.942943
8.530000	2.922923
8.540000	2.902903
8.550000	2.882883
8.560000	2.862863
8.570000	2.842843
8.580000	2.822823
8.590000	2.802803
8.600000	2.782783
8.610000	2.762763
8.620000	2.742743
8.630000	2.722723
8.640000	2.702703
8.650000	2.682683
8.660000	2.662663
8.670000	2.642643
8.680000	2.622623
8.690000	2.602603
8.700000	2.582583
8.710000	2.562563
8.720000	2.542543
8.730000	2.522523
8.740000	2.502503
8.750000	2.482482
8.760000	2.462462
8.770000	2.442442
8.780000	2.422422
8.790000	2.402402
8.800000	2.382382
8.810000	2.362362
8.820000	2.342342
8.830000	2.322322
8.840000	2.302302
8.850000	2.282282
8.860000	2.262262
8.870000	2.242242
8.880000	2.222222
8.890000	2.202202
8.900000	2.182182
8.910000	2.162162
8.920000	2.142142
8.930000	2.122122
8.940000	2.102102
8.950000	2.082082
8.960000	2.062062
8.970000	2.042042
8.980000	2.022022
8.990000	2.002002
9.000000	1.981982
9.010000	1.961962
9.020000	1.941942
9.030000	1.921922
9.040000	1.901902
9.050000	1.881882
9.060000	1.861862
9.070000	1.841842
9.080000	1.821822
9.090000	1.801802
9.100000	1.781782
9.110000	1.761762
9.120000	1.741742
9.130000	1.721722
9.140000	1.701702
9.150000	1.681682
9.160000	1.661662
9.170000	1.641642
9.180000	1.621622
9.190000	1.601602
9.200000	1.581582
9.210000	1.561562
9.220000	1.541542
9.230000	1.521522
9.240000	1.501502
9.250000	1.481481
9.260000	1.461461
9.270000	1.441441
9.280000	1.421421
9.290000	1.401401
9.300000	1.381381
9.310000	1.361361
9.320000	1.341341
9.330000	1.321321
9.340000	1.301301
9.350000	1.281281
9.360000	1.261261
9.370000	1.241241
9.380000	1.221221
9.390000	1.201201
9.400000	1.181181
9.410000	1.161161
9.420000	1.141141
9.430000	1.121121
9.440000	1.101101
9.450000	1.081081
9.460000	1.061061
9.470000	1.041041
9.480000	1.021021
9.490000	1.001001
9.500000	0.980981
9.510000	0.960961
9.520000	0.940941
9.530000	0.920921
9.540000	0.900901
9.550000	0.880881
9.560000	0.860861
9.570000	0.840841
9.580000	0.820821
9.590000	0.800801
9.600000	0.780781
9.610000	0.760761
9.620000	0.740741
9.630000	0.720721
9.640000	0.700701
9.650000	0.680681
9.660000	0.660661
9.670000	0.640641
9.680000	0.620621
9.690000	0.600601
9.700000	0.580581
9.710000	0.560561
9.720000	0.540541
9.730000	0.520521
9.740000	0.500501
9.750000	0.480480
9.760000	0.460460
9.770000	0.440440
9.780000	0.420420
9.790000	0.400400
9.800000	0.380380
9.810000	0.360360
9.820000	0.340340
9.830000	0.320320
9.840000	0.300300
9.850000	0.280280
9.860000	0.260260
9.870000	0.240240
9.880000	0.220220
9.890000	0.200200
9.900000	0.180180
9.910000	0.160160
9.920000	0.140140
9.930000	0.120120
9.940000	0.100100
9.950000	0.080080
9.960000	0.060060
9.970000	0.040040
9.980000	0.020020
9.990000	7.035864E-15
