1 	  27.03	  11.28	   1.52	   6.61	   3.65	  59.41
2 	  27.22	   4.56	  -3.62	 -85.39	 -29.27	 154.14
3 	  25.95	   1.66	  -7.76	 104.41	  24.02	  17.58
1 	  27.01	  11.29	   1.52	   6.68	   3.63	  59.35
2 	  27.20	   4.57	  -3.62	 -85.36	 -29.27	 154.14
3 	  25.95	   1.69	  -7.75	 104.50	  24.02	  17.53
1 	  27.02	  11.29	   1.54	   6.68	   3.49	  59.41
2 	  27.21	   4.59	  -3.60	 -85.36	 -29.27	 154.23
3 	  25.96	   1.68	  -7.75	 104.48	  24.02	  17.53
1 	  27.02	  11.28	   1.55	   6.64	   3.49	  59.44
2 	  27.22	   4.56	  -3.61	 -85.43	 -29.25	 154.20
3 	  25.96	   1.66	  -7.76	 104.41	  24.02	  17.53
1 	  27.03	  11.29	   1.50	   6.68	   3.71	  59.41
2 	  27.22	   4.57	  -3.64	 -85.34	 -29.22	 154.03
3 	  25.95	   1.67	  -7.76	 104.48	  23.97	  17.58
1 	  27.02	  11.29	   1.51	   6.70	   3.71	  59.37
2 	  27.22	   4.57	  -3.63	 -85.32	 -29.22	 154.05
3 	  25.95	   1.69	  -7.75	 104.50	  23.97	  17.56
1 	  27.01	  11.28	   1.53	   6.64	   3.56	  59.37
2 	  27.22	   4.57	  -3.61	 -85.41	 -29.27	 154.20
3 	  25.95	   1.69	  -7.76	 104.50	  24.02	  17.56
1 	  27.02	  11.29	   1.55	   6.64	   3.49	  59.41
2 	  27.22	   4.60	  -3.60	 -85.34	 -29.29	 154.25
3 	  25.96	   1.67	  -7.77	 104.48	  24.02	  17.60
1 	  27.03	  11.26	   1.52	   6.55	   3.60	  59.44
2 	  27.22	   4.57	  -3.61	 -85.41	 -29.22	 154.18
3 	  25.95	   1.67	  -7.78	 104.48	  23.99	  17.64
1 	  27.03	  11.26	   1.50	   6.53	   3.71	  59.41
2 	  27.22	   4.56	  -3.63	 -85.41	 -29.20	 154.09
3 	  25.95	   1.66	  -7.79	 104.48	  23.97	  17.71
1 	  27.02	  11.28	   1.50	   6.61	   3.74	  59.37
2 	  27.21	   4.58	  -3.63	 -85.28	 -29.25	 154.05
3 	  25.95	   1.67	  -7.79	 104.52	  23.99	  17.71
1 	  27.02	  11.27	   1.50	   6.59	   3.69	  59.37
2 	  27.22	   4.57	  -3.62	 -85.39	 -29.27	 154.16
3 	  25.95	   1.67	  -7.78	 104.52	  23.97	  17.67
1 	  27.03	  11.27	   1.52	   6.59	   3.65	  59.41
2 	  27.21	   4.57	  -3.59	 -85.43	 -29.27	 154.25
3 	  25.95	   1.67	  -7.78	 104.48	  23.97	  17.67
1 	  27.04	  11.27	   1.50	   6.55	   3.74	  59.39
2 	  27.22	   4.58	  -3.62	 -85.32	 -29.22	 154.14
3 	  25.95	   1.67	  -7.79	 104.48	  23.93	  17.73
1 	  27.03	  11.26	   1.49	   6.55	   3.80	  59.37
2 	  27.20	   4.57	  -3.63	 -85.28	 -29.25	 154.01
3 	  25.93	   1.67	  -7.80	 104.55	  23.93	  17.80
1 	  27.01	  11.29	   1.48	   6.68	   3.85	  59.33
2 	  27.20	   4.58	  -3.65	 -85.19	 -29.25	 153.94
3 	  25.93	   1.67	  -7.80	 104.55	  23.93	  17.78
1 	  27.01	  11.30	   1.49	   6.72	   3.78	  59.35
2 	  27.20	   4.58	  -3.64	 -85.21	 -29.27	 154.01
3 	  25.93	   1.67	  -7.80	 104.57	  23.95	  17.75
1 	  27.02	  11.29	   1.49	   6.68	   3.80	  59.39
2 	  27.19	   4.57	  -3.63	 -85.28	 -29.22	 154.07
3 	  25.94	   1.68	  -7.80	 104.59	  23.91	  17.75
1 	  27.01	  11.29	   1.47	   6.68	   3.87	  59.39
2 	  27.18	   4.57	  -3.64	 -85.23	 -29.22	 153.96
3 	  25.93	   1.68	  -7.80	 104.61	  23.91	  17.80
1 	  27.00	  11.30	   1.48	   6.72	   3.85	  59.35
2 	  27.18	   4.60	  -3.65	 -85.10	 -29.25	 153.94
3 	  25.93	   1.68	  -7.79	 104.57	  23.91	  17.75
1 	  27.00	  11.30	   1.49	   6.70	   3.80	  59.35
2 	  27.18	   4.59	  -3.63	 -85.19	 -29.25	 154.05
3 	  25.94	   1.69	  -7.78	 104.59	  23.91	  17.71
1 	  27.00	  11.29	   1.49	   6.68	   3.76	  59.37
2 	  27.18	   4.58	  -3.63	 -85.23	 -29.25	 154.05
3 	  25.94	   1.69	  -7.77	 104.57	  23.95	  17.67
1 	  27.01	  11.28	   1.50	   6.66	   3.76	  59.39
2 	  27.19	   4.58	  -3.63	 -85.25	 -29.22	 154.07
3 	  25.95	   1.68	  -7.77	 104.52	  23.93	  17.69
1 	  27.00	  11.28	   1.50	   6.64	   3.76	  59.41
2 	  27.19	   4.58	  -3.63	 -85.23	 -29.22	 154.07
3 	  25.94	   1.67	  -7.78	 104.52	  23.91	  17.71
1 	  26.99	  11.31	   1.51	   6.75	   3.71	  59.37
2 	  27.19	   4.60	  -3.61	 -85.21	 -29.27	 154.14
3 	  25.93	   1.68	  -7.78	 104.59	  23.95	  17.75
1 	  27.00	  11.31	   1.52	   6.75	   3.63	  59.39
2 	  27.19	   4.60	  -3.61	 -85.21	 -29.29	 154.16
3 	  25.95	   1.69	  -7.78	 104.59	  23.97	  17.69
1 	  27.00	  11.29	   1.51	   6.68	   3.65	  59.44
2 	  27.19	   4.61	  -3.63	 -85.17	 -29.27	 154.12
3 	  25.95	   1.70	  -7.79	 104.63	  23.93	  17.69
1 	  27.01	  11.35	   1.50	   6.83	   3.65	  59.37
2 	  27.19	   4.66	  -3.63	 -84.95	 -29.29	 154.12
3 	  25.94	   1.74	  -7.80	 104.83	  23.88	  17.73
1 	  27.02	  11.35	   1.48	   6.81	   3.78	  59.37
2 	  27.21	   4.64	  -3.65	 -85.01	 -29.29	 154.03
3 	  25.94	   1.74	  -7.81	 104.83	  23.91	  17.80
1 	  27.01	  11.34	   1.48	   6.79	   3.78	  59.35
2 	  27.21	   4.62	  -3.63	 -85.12	 -29.29	 154.09
3 	  25.94	   1.73	  -7.81	 104.79	  23.91	  17.80
1 	  27.00	  11.35	   1.47	   6.83	   3.80	  59.33
2 	  27.19	   4.62	  -3.64	 -85.10	 -29.29	 154.07
3 	  25.94	   1.73	  -7.80	 104.77	  23.93	  17.73
1 	  27.01	  11.34	   1.49	   6.81	   3.74	  59.37
2 	  27.20	   4.61	  -3.63	 -85.14	 -29.29	 154.12
3 	  25.95	   1.73	  -7.79	 104.77	  23.91	  17.71
1 	  27.03	  11.33	   1.47	   6.77	   3.78	  59.37
2 	  27.22	   4.61	  -3.64	 -85.19	 -29.29	 154.09
3 	  25.95	   1.70	  -7.80	 104.66	  23.93	  17.71
1 	  27.03	  11.33	   1.46	   6.75	   3.85	  59.33
2 	  27.21	   4.62	  -3.66	 -85.03	 -29.27	 154.01
3 	  25.95	   1.70	  -7.81	 104.68	  23.91	  17.80
1 	  27.02	  11.32	   1.46	   6.72	   3.85	  59.33
2 	  27.20	   4.62	  -3.67	 -85.01	 -29.29	 153.94
3 	  25.95	   1.71	  -7.80	 104.68	  23.91	  17.75
1 	  27.01	  11.33	   1.49	   6.75	   3.71	  59.30
2 	  27.20	   4.61	  -3.63	 -85.14	 -29.29	 154.12
3 	  25.95	   1.71	  -7.80	 104.66	  23.95	  17.75
1 	  27.02	  11.32	   1.51	   6.72	   3.63	  59.33
2 	  27.20	   4.61	  -3.63	 -85.17	 -29.29	 154.14
3 	  25.95	   1.70	  -7.80	 104.63	  23.97	  17.71
1 	  27.03	  11.31	   1.51	   6.66	   3.63	  59.37
2 	  27.21	   4.61	  -3.63	 -85.19	 -29.29	 154.14
3 	  25.95	   1.69	  -7.80	 104.63	  23.95	  17.75
1 	  27.03	  11.30	   1.48	   6.64	   3.76	  59.30
2 	  27.21	   4.60	  -3.64	 -85.19	 -29.27	 154.07
3 	  25.95	   1.68	  -7.80	 104.61	  23.95	  17.78
1 	  27.02	  11.32	   1.49	   6.66	   3.71	  59.26
2 	  27.19	   4.61	  -3.64	 -85.12	 -29.31	 154.07
3 	  25.94	   1.70	  -7.81	 104.66	  23.95	  17.80
1 	  27.02	  11.31	   1.48	   6.66	   3.74	  59.26
2 	  27.18	   4.62	  -3.66	 -85.01	 -29.31	 153.98
3 	  25.94	   1.71	  -7.82	 104.74	  23.88	  17.84
1 	  27.00	  11.39	   1.48	   6.86	   3.69	  59.06
2 	  27.17	   4.68	  -3.65	 -84.81	 -29.42	 154.05
3 	  25.92	   1.77	  -7.82	 105.03	  23.86	  17.89
1 	  27.00	  11.37	   1.52	   6.81	   3.49	  59.15
2 	  27.18	   4.68	  -3.65	 -84.84	 -29.36	 154.05
3 	  25.93	   1.78	  -7.83	 105.07	  23.84	  17.93
1 	  27.00	  11.39	   1.52	   6.86	   3.49	  59.17
2 	  27.18	   4.68	  -3.63	 -84.88	 -29.33	 154.14
3 	  25.95	   1.76	  -7.81	 104.94	  23.88	  17.80
1 	  27.04	  11.37	   1.47	   6.83	   3.76	  59.28
2 	  27.21	   4.66	  -3.66	 -84.92	 -29.27	 154.05
3 	  25.95	   1.74	  -7.84	 104.88	  23.84	  17.89
1 	  27.04	  11.34	   1.49	   6.77	   3.74	  59.30
2 	  27.20	   4.65	  -3.66	 -84.95	 -29.27	 153.98
3 	  25.95	   1.76	  -7.83	 104.90	  23.84	  17.86
1 	  27.03	  11.35	   1.48	   6.79	   3.76	  59.28
2 	  27.20	   4.66	  -3.66	 -84.90	 -29.27	 154.01
3 	  25.95	   1.76	  -7.82	 104.90	  23.84	  17.84
1 	  27.02	  11.36	   1.48	   6.83	   3.76	  59.28
2 	  27.21	   4.66	  -3.66	 -84.90	 -29.25	 154.03
3 	  25.95	   1.75	  -7.84	 104.90	  23.84	  17.89
1 	  27.04	  11.35	   1.48	   6.79	   3.76	  59.30
2 	  27.21	   4.67	  -3.65	 -84.95	 -29.27	 154.07
3 	  25.95	   1.74	  -7.83	 104.81	  23.86	  17.84
1 	  27.04	  11.33	   1.48	   6.72	   3.80	  59.33
2 	  27.21	   4.66	  -3.65	 -84.95	 -29.29	 154.09
3 	  25.96	   1.74	  -7.81	 104.79	  23.88	  17.78
1 	  27.04	  11.32	   1.49	   6.70	   3.76	  59.35
2 	  27.21	   4.64	  -3.64	 -85.06	 -29.29	 154.09
3 	  25.95	   1.73	  -7.81	 104.79	  23.93	  17.80
1 	  27.03	  11.32	   1.52	   6.70	   3.63	  59.35
2 	  27.21	   4.65	  -3.62	 -85.10	 -29.33	 154.23
3 	  25.96	   1.74	  -7.81	 104.81	  23.95	  17.78
1 	  27.04	  11.34	   1.52	   6.75	   3.58	  59.28
2 	  27.21	   4.66	  -3.63	 -85.03	 -29.33	 154.23
3 	  25.96	   1.74	  -7.81	 104.81	  23.95	  17.78
1 	  27.04	  11.32	   1.52	   6.68	   3.58	  59.33
2 	  27.21	   4.65	  -3.63	 -85.08	 -29.33	 154.16
3 	  25.96	   1.74	  -7.82	 104.79	  23.93	  17.80
1 	  27.04	  11.31	   1.52	   6.66	   3.65	  59.37
2 	  27.22	   4.61	  -3.63	 -85.19	 -29.33	 154.16
3 	  25.96	   1.73	  -7.80	 104.72	  23.97	  17.73
1 	  27.04	  11.31	   1.51	   6.64	   3.65	  59.37
2 	  27.21	   4.63	  -3.61	 -85.21	 -29.33	 154.23
3 	  25.96	   1.72	  -7.79	 104.72	  23.97	  17.73
1 	  27.04	  11.32	   1.53	   6.66	   3.56	  59.37
2 	  27.21	   4.63	  -3.61	 -85.21	 -29.36	 154.27
3 	  25.96	   1.73	  -7.80	 104.74	  23.99	  17.73
1 	  27.04	  11.32	   1.53	   6.66	   3.52	  59.39
2 	  27.21	   4.64	  -3.62	 -85.19	 -29.36	 154.25
3 	  25.96	   1.72	  -7.79	 104.72	  23.99	  17.71
1 	  27.04	  11.31	   1.49	   6.70	   3.74	  59.39
2 	  27.22	   4.61	  -3.64	 -85.19	 -29.33	 154.14
3 	  25.96	   1.71	  -7.80	 104.68	  24.04	  17.75
1 	  27.04	  11.31	   1.50	   6.68	   3.71	  59.44
2 	  27.22	   4.61	  -3.64	 -85.21	 -29.29	 154.12
3 	  25.96	   1.71	  -7.80	 104.68	  24.02	  17.75
1 	  27.03	  11.31	   1.53	   6.68	   3.58	  59.44
2 	  27.22	   4.64	  -3.59	 -85.28	 -29.33	 154.34
3 	  25.97	   1.72	  -7.79	 104.68	  24.06	  17.73
1 	  27.06	  11.36	   1.51	   6.77	   3.43	  59.35
2 	  27.23	   4.65	  -3.60	 -85.21	 -29.38	 154.36
3 	  25.97	   1.73	  -7.80	 104.74	  24.08	  17.75
1 	  27.06	  11.36	   1.51	   6.72	   3.41	  59.33
2 	  27.22	   4.65	  -3.61	 -85.21	 -29.38	 154.34
3 	  25.97	   1.74	  -7.80	 104.77	  24.08	  17.75
1 	  27.07	  11.35	   1.50	   6.70	   3.45	  59.35
2 	  27.23	   4.63	  -3.60	 -85.28	 -29.38	 154.36
3 	  25.97	   1.72	  -7.82	 104.72	  24.08	  17.82
1 	  27.08	  11.33	   1.49	   6.64	   3.52	  59.37
2 	  27.23	   4.62	  -3.62	 -85.28	 -29.36	 154.29
3 	  25.97	   1.71	  -7.80	 104.70	  24.08	  17.78
1 	  27.07	  11.32	   1.50	   6.61	   3.49	  59.37
2 	  27.23	   4.65	  -3.60	 -85.21	 -29.33	 154.31
3 	  25.97	   1.71	  -7.80	 104.72	  24.10	  17.82
1 	  27.06	  11.33	   1.50	   6.66	   3.52	  59.35
2 	  27.22	   4.63	  -3.61	 -85.23	 -29.36	 154.27
3 	  25.96	   1.71	  -7.80	 104.74	  24.13	  17.82
1 	  27.06	  11.34	   1.49	   6.72	   3.60	  59.37
2 	  27.22	   4.64	  -3.63	 -85.12	 -29.33	 154.18
3 	  25.96	   1.72	  -7.81	 104.83	  24.13	  17.89
1 	  27.06	  11.34	   1.48	   6.72	   3.60	  59.41
2 	  27.22	   4.64	  -3.63	 -85.12	 -29.33	 154.20
3 	  25.96	   1.71	  -7.82	 104.81	  24.17	  17.93
1 	  27.06	  11.32	   1.48	   6.68	   3.63	  59.41
2 	  27.22	   4.64	  -3.62	 -85.14	 -29.31	 154.18
3 	  25.95	   1.70	  -7.81	 104.79	  24.19	  17.95
1 	  27.05	  11.32	   1.49	   6.66	   3.63	  59.41
2 	  27.22	   4.64	  -3.62	 -85.14	 -29.31	 154.18
3 	  25.95	   1.70	  -7.82	 104.83	  24.19	  18.00
1 	  27.04	  11.32	   1.51	   6.68	   3.54	  59.41
2 	  27.22	   4.63	  -3.62	 -85.14	 -29.31	 154.20
3 	  25.95	   1.70	  -7.81	 104.85	  24.21	  17.97
1 	  27.04	  11.33	   1.51	   6.75	   3.49	  59.39
2 	  27.22	   4.65	  -3.63	 -85.03	 -29.31	 154.14
3 	  25.95	   1.71	  -7.81	 104.90	  24.24	  18.02
1 	  27.05	  11.32	   1.49	   6.68	   3.56	  59.41
2 	  27.22	   4.65	  -3.63	 -85.06	 -29.29	 154.09
3 	  25.95	   1.71	  -7.81	 104.92	  24.24	  18.04
1 	  27.05	  11.30	   1.51	   6.61	   3.54	  59.46
2 	  27.22	   4.62	  -3.63	 -85.17	 -29.31	 154.12
3 	  25.95	   1.69	  -7.80	 104.88	  24.32	  18.02
1 	  27.04	  11.30	   1.52	   6.61	   3.54	  59.44
2 	  27.21	   4.64	  -3.62	 -85.12	 -29.31	 154.14
3 	  25.95	   1.70	  -7.80	 104.92	  24.39	  18.04
1 	  27.05	  11.30	   1.53	   6.61	   3.41	  59.44
2 	  27.21	   4.65	  -3.61	 -85.08	 -29.33	 154.20
3 	  25.94	   1.68	  -7.83	 104.96	  24.41	  18.19
1 	  27.04	  11.31	   1.54	   6.64	   3.38	  59.46
2 	  27.22	   4.64	  -3.62	 -85.12	 -29.33	 154.18
3 	  25.95	   1.68	  -7.80	 104.96	  24.50	  18.08
1 	  27.05	  11.30	   1.51	   6.61	   3.52	  59.44
2 	  27.22	   4.65	  -3.64	 -84.99	 -29.33	 154.03
3 	  25.95	   1.67	  -7.82	 105.01	  24.52	  18.19
1 	  27.05	  11.30	   1.52	   6.61	   3.52	  59.48
2 	  27.22	   4.63	  -3.63	 -85.12	 -29.31	 154.05
3 	  25.95	   1.67	  -7.82	 105.01	  24.59	  18.26
1 	  27.03	  11.30	   1.53	   6.64	   3.45	  59.46
2 	  27.22	   4.62	  -3.62	 -85.14	 -29.31	 154.07
3 	  25.94	   1.67	  -7.81	 105.03	  24.63	  18.26
1 	  27.03	  11.30	   1.55	   6.64	   3.36	  59.46
2 	  27.22	   4.63	  -3.63	 -85.06	 -29.29	 154.01
3 	  25.94	   1.68	  -7.81	 105.12	  24.68	  18.28
1 	  27.04	  11.30	   1.54	   6.64	   3.38	  59.48
2 	  27.22	   4.63	  -3.66	 -85.01	 -29.25	 153.92
3 	  25.94	   1.67	  -7.83	 105.16	  24.70	  18.39
1 	  27.04	  11.29	   1.53	   6.59	   3.43	  59.46
2 	  27.23	   4.62	  -3.66	 -85.06	 -29.22	 153.87
3 	  25.94	   1.66	  -7.82	 105.16	  24.74	  18.39
1 	  27.04	  11.29	   1.52	   6.59	   3.52	  59.41
2 	  27.23	   4.62	  -3.68	 -84.97	 -29.22	 153.74
3 	  25.94	   1.65	  -7.84	 105.18	  24.81	  18.52
1 	  27.04	  11.28	   1.51	   6.57	   3.54	  59.44
2 	  27.22	   4.61	  -3.69	 -85.01	 -29.20	 153.72
3 	  25.93	   1.63	  -7.84	 105.21	  24.87	  18.61
1 	  27.04	  11.28	   1.51	   6.57	   3.56	  59.44
2 	  27.22	   4.61	  -3.68	 -85.06	 -29.22	 153.76
3 	  25.93	   1.63	  -7.84	 105.18	  24.92	  18.59
1 	  27.04	  11.28	   1.50	   6.57	   3.58	  59.46
2 	  27.22	   4.60	  -3.68	 -85.06	 -29.18	 153.74
3 	  25.94	   1.63	  -7.85	 105.25	  24.98	  18.63
1 	  27.04	  11.27	   1.49	   6.57	   3.67	  59.48
2 	  27.22	   4.58	  -3.71	 -85.03	 -29.18	 153.61
3 	  25.93	   1.61	  -7.86	 105.23	  25.03	  18.72
1 	  27.04	  11.27	   1.46	   6.57	   3.80	  59.41
2 	  27.22	   4.59	  -3.71	 -84.97	 -29.16	 153.52
3 	  25.92	   1.59	  -7.87	 105.25	  25.14	  18.90
1 	  27.04	  11.27	   1.47	   6.53	   3.74	  59.37
2 	  27.21	   4.59	  -3.72	 -84.92	 -29.18	 153.46
3 	  25.91	   1.60	  -7.86	 105.34	  25.25	  18.92
1 	  27.04	  11.26	   1.49	   6.50	   3.65	  59.41
2 	  27.21	   4.59	  -3.72	 -84.92	 -29.16	 153.50
3 	  25.91	   1.59	  -7.84	 105.36	  25.33	  18.90
1 	  27.05	  11.26	   1.50	   6.50	   3.65	  59.41
2 	  27.21	   4.59	  -3.72	 -84.90	 -29.16	 153.46
3 	  25.92	   1.58	  -7.85	 105.42	  25.44	  18.96
1 	  27.05	  11.25	   1.48	   6.44	   3.74	  59.39
2 	  27.21	   4.58	  -3.77	 -84.79	 -29.14	 153.24
3 	  25.91	   1.58	  -7.87	 105.56	  25.49	  19.14
1 	  27.05	  11.25	   1.47	   6.39	   3.80	  59.39
2 	  27.21	   4.59	  -3.79	 -84.66	 -29.09	 153.06
3 	  25.90	   1.58	  -7.88	 105.62	  25.55	  19.25
1 	  27.04	  11.25	   1.47	   6.42	   3.80	  59.35
2 	  27.20	   4.59	  -3.77	 -84.70	 -29.11	 153.13
3 	  25.89	   1.55	  -7.88	 105.64	  25.73	  19.34
1 	  27.05	  11.26	   1.49	   6.44	   3.71	  59.37
2 	  27.20	   4.59	  -3.77	 -84.70	 -29.11	 153.13
3 	  25.90	   1.56	  -7.86	 105.73	  25.88	  19.36
1 	  27.05	  11.24	   1.49	   6.39	   3.76	  59.39
2 	  27.20	   4.58	  -3.77	 -84.73	 -29.07	 153.08
3 	  25.89	   1.54	  -7.88	 105.80	  25.91	  19.53
1 	  27.05	  11.24	   1.46	   6.39	   3.87	  59.37
2 	  27.20	   4.58	  -3.79	 -84.66	 -29.05	 153.00
3 	  25.88	   1.52	  -7.90	 105.84	  26.02	  19.67
1 	  27.04	  11.26	   1.47	   6.44	   3.85	  59.33
2 	  27.19	   4.58	  -3.81	 -84.59	 -29.11	 152.91
3 	  25.88	   1.54	  -7.91	 106.02	  26.13	  19.82
1 	  27.03	  11.25	   1.48	   6.44	   3.80	  59.33
2 	  27.19	   4.59	  -3.81	 -84.57	 -29.11	 152.91
3 	  25.88	   1.53	  -7.91	 106.11	  26.28	  19.89
1 	  27.04	  11.27	   1.48	   6.48	   3.76	  59.35
2 	  27.19	   4.59	  -3.80	 -84.57	 -29.11	 152.91
3 	  25.88	   1.51	  -7.88	 106.08	  26.50	  19.86
1 	  27.04	  11.26	   1.49	   6.48	   3.74	  59.41
2 	  27.20	   4.58	  -3.81	 -84.62	 -29.07	 152.91
3 	  25.90	   1.51	  -7.85	 106.13	  26.65	  19.84
1 	  27.03	  11.26	   1.50	   6.48	   3.69	  59.41
2 	  27.19	   4.59	  -3.82	 -84.53	 -29.11	 152.80
3 	  25.89	   1.54	  -7.85	 106.30	  26.70	  19.93
1 	  27.02	  11.28	   1.52	   6.50	   3.58	  59.33
2 	  27.18	   4.60	  -3.82	 -84.44	 -29.14	 152.75
3 	  25.87	   1.55	  -7.83	 106.46	  26.85	  19.95
1 	  27.03	  11.29	   1.52	   6.53	   3.54	  59.33
2 	  27.19	   4.61	  -3.82	 -84.42	 -29.11	 152.78
3 	  25.88	   1.54	  -7.85	 106.57	  27.05	  20.13
1 	  27.04	  11.28	   1.53	   6.50	   3.52	  59.39
2 	  27.19	   4.60	  -3.82	 -84.48	 -29.14	 152.80
3 	  25.89	   1.52	  -7.86	 106.55	  27.14	  20.19
1 	  27.04	  11.27	   1.52	   6.46	   3.58	  59.39
2 	  27.19	   4.60	  -3.83	 -84.44	 -29.14	 152.71
3 	  25.88	   1.50	  -7.86	 106.61	  27.25	  20.28
1 	  27.03	  11.28	   1.54	   6.48	   3.52	  59.39
2 	  27.18	   4.62	  -3.82	 -84.38	 -29.09	 152.73
3 	  25.88	   1.50	  -7.87	 106.68	  27.29	  20.39
1 	  27.02	  11.27	   1.55	   6.44	   3.45	  59.37
2 	  27.18	   4.61	  -3.81	 -84.40	 -29.11	 152.78
3 	  25.88	   1.50	  -7.85	 106.70	  27.42	  20.37
1 	  27.03	  11.28	   1.54	   6.48	   3.45	  59.41
2 	  27.19	   4.63	  -3.81	 -84.35	 -29.11	 152.80
3 	  25.88	   1.50	  -7.86	 106.79	  27.51	  20.48
1 	  27.04	  11.28	   1.55	   6.44	   3.43	  59.44
2 	  27.19	   4.61	  -3.81	 -84.44	 -29.16	 152.82
3 	  25.88	   1.49	  -7.85	 106.79	  27.58	  20.48
1 	  27.04	  11.26	   1.55	   6.42	   3.47	  59.48
2 	  27.19	   4.61	  -3.77	 -84.51	 -29.14	 152.91
3 	  25.88	   1.47	  -7.86	 106.81	  27.71	  20.57
1 	  27.04	  11.26	   1.55	   6.39	   3.49	  59.48
2 	  27.18	   4.60	  -3.79	 -84.51	 -29.14	 152.86
3 	  25.88	   1.46	  -7.85	 106.83	  27.82	  20.63
1 	  27.04	  11.26	   1.56	   6.39	   3.38	  59.50
2 	  27.19	   4.61	  -3.79	 -84.48	 -29.18	 152.86
3 	  25.89	   1.47	  -7.85	 106.94	  27.93	  20.68
1 	  27.05	  11.27	   1.56	   6.39	   3.38	  59.50
2 	  27.19	   4.62	  -3.81	 -84.40	 -29.18	 152.80
3 	  25.88	   1.48	  -7.83	 107.01	  28.10	  20.68
1 	  27.05	  11.25	   1.54	   6.39	   3.47	  59.50
2 	  27.19	   4.61	  -3.81	 -84.40	 -29.16	 152.75
3 	  25.88	   1.47	  -7.84	 107.05	  28.15	  20.76
1 	  27.05	  11.24	   1.54	   6.35	   3.49	  59.55
2 	  27.20	   4.59	  -3.81	 -84.48	 -29.11	 152.73
3 	  25.88	   1.42	  -7.83	 106.96	  28.26	  20.83
1 	  27.04	  11.24	   1.55	   6.35	   3.47	  59.52
2 	  27.19	   4.59	  -3.82	 -84.40	 -29.09	 152.64
3 	  25.87	   1.43	  -7.82	 107.07	  28.37	  20.92
1 	  27.04	  11.24	   1.55	   6.35	   3.45	  59.50
2 	  27.18	   4.60	  -3.83	 -84.38	 -29.07	 152.62
3 	  25.86	   1.44	  -7.83	 107.20	  28.45	  21.03
1 	  27.04	  11.24	   1.55	   6.35	   3.45	  59.52
2 	  27.19	   4.60	  -3.83	 -84.35	 -29.05	 152.60
3 	  25.86	   1.42	  -7.85	 107.29	  28.54	  21.16
1 	  27.04	  11.23	   1.53	   6.31	   3.54	  59.48
2 	  27.19	   4.59	  -3.85	 -84.31	 -29.03	 152.47
3 	  25.87	   1.40	  -7.84	 107.31	  28.70	  21.25
1 	  27.04	  11.22	   1.52	   6.26	   3.60	  59.44
2 	  27.18	   4.60	  -3.85	 -84.27	 -29.03	 152.38
3 	  25.86	   1.38	  -7.84	 107.38	  28.83	  21.38
1 	  27.04	  11.22	   1.52	   6.28	   3.58	  59.46
2 	  27.19	   4.59	  -3.85	 -84.29	 -29.00	 152.40
3 	  25.86	   1.38	  -7.86	 107.45	  28.92	  21.51
1 	  27.04	  11.23	   1.53	   6.31	   3.56	  59.48
2 	  27.19	   4.60	  -3.86	 -84.24	 -29.03	 152.36
3 	  25.86	   1.38	  -7.85	 107.60	  29.07	  21.58
1 	  27.05	  11.24	   1.50	   6.37	   3.65	  59.48
2 	  27.19	   4.61	  -3.90	 -84.11	 -29.00	 152.20
3 	  25.86	   1.37	  -7.88	 107.69	  29.14	  21.77
1 	  27.05	  11.23	   1.49	   6.35	   3.69	  59.48
2 	  27.20	   4.58	  -3.94	 -84.11	 -28.98	 151.96
3 	  25.86	   1.33	  -7.93	 107.75	  29.18	  22.06
1 	  26.98	  11.19	   1.24	   6.42	   5.03	  59.11
2 	  27.16	   4.54	  -4.00	 -83.98	 -28.98	 151.55
3 	  25.79	   1.28	  -7.98	 107.93	  29.22	  22.57
1 	  26.91	  11.20	   1.41	   6.50	   4.37	  59.17
2 	  27.14	   4.56	  -3.98	 -83.94	 -29.00	 151.61
3 	  25.80	   1.32	  -7.98	 108.13	  29.29	  22.61
1 	  26.90	  11.22	   1.42	   6.57	   4.24	  59.13
2 	  27.13	   4.58	  -3.96	 -83.87	 -28.98	 151.66
3 	  25.79	   1.35	  -7.94	 108.30	  29.49	  22.54
1 	  26.92	  11.23	   1.42	   6.61	   4.24	  59.15
2 	  27.14	   4.58	  -3.97	 -83.89	 -29.05	 151.68
3 	  25.80	   1.34	  -7.91	 108.28	  29.69	  22.50
1 	  26.92	  11.24	   1.43	   6.64	   4.17	  59.22
2 	  27.15	   4.57	  -3.96	 -83.96	 -29.03	 151.72
3 	  25.81	   1.34	  -7.92	 108.37	  29.75	  22.59
1 	  26.92	  11.22	   1.45	   6.59	   4.13	  59.24
2 	  27.14	   4.56	  -3.96	 -83.98	 -29.05	 151.70
3 	  25.81	   1.33	  -7.90	 108.39	  29.93	  22.63
1 	  26.93	  11.21	   1.45	   6.50	   4.09	  59.24
2 	  27.14	   4.57	  -3.95	 -83.96	 -29.03	 151.74
3 	  25.80	   1.32	  -7.91	 108.50	  30.06	  22.76
1 	  26.95	  11.21	   1.48	   6.46	   3.96	  59.26
2 	  27.14	   4.59	  -3.94	 -83.91	 -29.03	 151.77
3 	  25.81	   1.34	  -7.91	 108.65	  30.19	  22.85
1 	  26.96	  11.23	   1.48	   6.48	   3.91	  59.28
2 	  27.16	   4.59	  -3.95	 -83.94	 -29.03	 151.77
3 	  25.82	   1.34	  -7.88	 108.70	  30.39	  22.81
1 	  26.97	  11.22	   1.47	   6.46	   4.02	  59.33
2 	  27.16	   4.58	  -3.96	 -83.91	 -29.03	 151.66
3 	  25.81	   1.31	  -7.86	 108.68	  30.54	  22.83
1 	  26.98	  11.21	   1.48	   6.42	   3.98	  59.35
2 	  27.16	   4.57	  -3.95	 -84.00	 -29.03	 151.70
3 	  25.82	   1.30	  -7.88	 108.74	  30.63	  23.01
1 	  26.98	  11.21	   1.49	   6.42	   3.89	  59.33
2 	  27.15	   4.58	  -3.94	 -83.94	 -29.05	 151.74
3 	  25.82	   1.31	  -7.87	 108.87	  30.76	  23.09
1 	  26.99	  11.23	   1.48	   6.44	   3.87	  59.33
2 	  27.17	   4.60	  -3.96	 -83.85	 -29.05	 151.63
3 	  25.81	   1.32	  -7.87	 109.03	  30.85	  23.14
1 	  27.00	  11.23	   1.49	   6.42	   3.82	  59.35
2 	  27.16	   4.58	  -3.98	 -83.83	 -29.03	 151.55
3 	  25.82	   1.32	  -7.88	 109.09	  30.92	  23.23
1 	  27.00	  11.22	   1.48	   6.42	   3.93	  59.37
2 	  27.16	   4.58	  -3.97	 -83.83	 -29.03	 151.52
3 	  25.83	   1.29	  -7.87	 109.07	  31.07	  23.29
1 	  27.00	  11.23	   1.47	   6.46	   3.98	  59.35
2 	  27.16	   4.59	  -3.98	 -83.78	 -29.00	 151.48
3 	  25.81	   1.30	  -7.88	 109.20	  31.11	  23.40
1 	  27.00	  11.24	   1.49	   6.50	   3.85	  59.37
2 	  27.17	   4.58	  -4.01	 -83.76	 -28.98	 151.35
3 	  25.81	   1.30	  -7.89	 109.29	  31.14	  23.53
1 	  26.99	  11.23	   1.36	   6.59	   4.46	  59.26
2 	  27.15	   4.55	  -4.07	 -83.61	 -28.87	 150.97
3 	  25.78	   1.27	  -7.91	 109.36	  31.14	  23.66
1 	  26.99	  11.23	   1.41	   6.64	   4.24	  59.30
2 	  27.15	   4.57	  -4.07	 -83.52	 -28.87	 150.95
3 	  25.78	   1.28	  -7.91	 109.47	  31.25	  23.75
1 	  27.00	  11.22	   1.41	   6.59	   4.22	  59.35
2 	  27.15	   4.57	  -4.06	 -83.54	 -28.89	 150.97
3 	  25.79	   1.29	  -7.90	 109.51	  31.27	  23.71
1 	  26.99	  11.23	   1.42	   6.61	   4.20	  59.37
2 	  27.15	   4.58	  -4.06	 -83.50	 -28.85	 150.97
3 	  25.78	   1.29	  -7.90	 109.56	  31.35	  23.80
1 	  26.99	  11.24	   1.42	   6.66	   4.17	  59.37
2 	  27.14	   4.60	  -4.06	 -83.43	 -28.89	 151.00
3 	  25.79	   1.30	  -7.91	 109.69	  31.42	  23.88
1 	  26.99	  11.24	   1.44	   6.66	   4.11	  59.33
2 	  27.14	   4.60	  -4.04	 -83.45	 -28.92	 151.06
3 	  25.79	   1.30	  -7.90	 109.80	  31.55	  23.97
1 	  27.00	  11.24	   1.43	   6.61	   4.09	  59.35
2 	  27.15	   4.61	  -4.06	 -83.43	 -28.92	 151.02
3 	  25.79	   1.28	  -7.90	 109.86	  31.73	  24.08
1 	  27.01	  11.23	   1.44	   6.55	   4.06	  59.39
2 	  27.16	   4.60	  -4.06	 -83.47	 -28.92	 151.02
3 	  25.80	   1.28	  -7.89	 109.86	  31.79	  24.08
1 	  27.00	  11.22	   1.45	   6.50	   4.02	  59.41
2 	  27.15	   4.59	  -4.05	 -83.52	 -28.92	 151.02
3 	  25.80	   1.28	  -7.87	 109.93	  31.93	  24.10
1 	  27.01	  11.21	   1.45	   6.46	   4.00	  59.39
2 	  27.15	   4.60	  -4.05	 -83.45	 -28.94	 150.97
3 	  25.80	   1.30	  -7.87	 110.08	  32.01	  24.19
1 	  27.01	  11.22	   1.46	   6.48	   3.91	  59.41
2 	  27.15	   4.61	  -4.05	 -83.43	 -28.92	 151.02
3 	  25.80	   1.27	  -7.88	 110.13	  32.10	  24.28
1 	  27.01	  11.24	   1.47	   6.53	   3.89	  59.41
2 	  27.15	   4.61	  -4.06	 -83.39	 -28.92	 150.95
3 	  25.80	   1.27	  -7.88	 110.19	  32.19	  24.37
1 	  27.02	  11.22	   1.45	   6.50	   4.02	  59.46
2 	  27.16	   4.59	  -4.08	 -83.41	 -28.92	 150.86
3 	  25.80	   1.24	  -7.90	 110.21	  32.30	  24.52
1 	  27.02	  11.21	   1.47	   6.48	   3.91	  59.48
2 	  27.16	   4.59	  -4.07	 -83.43	 -28.89	 150.86
3 	  25.80	   1.23	  -7.89	 110.26	  32.41	  24.59
1 	  27.01	  11.22	   1.49	   6.46	   3.78	  59.44
2 	  27.15	   4.61	  -4.06	 -83.34	 -28.92	 150.86
3 	  25.79	   1.26	  -7.88	 110.43	  32.52	  24.63
1 	  27.01	  11.24	   1.48	   6.48	   3.78	  59.41
2 	  27.15	   4.62	  -4.08	 -83.28	 -28.89	 150.80
3 	  25.79	   1.29	  -7.88	 110.70	  32.61	  24.76
1 	  27.02	  11.24	   1.48	   6.53	   3.78	  59.46
2 	  27.16	   4.62	  -4.09	 -83.21	 -28.89	 150.73
3 	  25.79	   1.27	  -7.90	 110.79	  32.67	  24.90
1 	  27.01	  11.25	   1.47	   6.57	   3.87	  59.46
2 	  27.15	   4.63	  -4.10	 -83.19	 -28.89	 150.69
3 	  25.79	   1.26	  -7.90	 110.85	  32.78	  25.03
1 	  27.01	  11.24	   1.46	   6.57	   3.91	  59.44
2 	  27.16	   4.62	  -4.10	 -83.19	 -28.85	 150.62
3 	  25.77	   1.26	  -7.89	 110.96	  32.87	  25.11
1 	  27.01	  11.25	   1.48	   6.53	   3.80	  59.46
2 	  27.16	   4.64	  -4.10	 -83.14	 -28.83	 150.64
3 	  25.77	   1.28	  -7.89	 111.07	  32.94	  25.16
1 	  27.02	  11.25	   1.49	   6.53	   3.76	  59.48
2 	  27.16	   4.65	  -4.09	 -83.12	 -28.89	 150.71
3 	  25.77	   1.29	  -7.88	 111.18	  33.09	  25.18
1 	  27.03	  11.25	   1.46	   6.53	   3.85	  59.46
2 	  27.17	   4.63	  -4.14	 -83.08	 -28.85	 150.49
3 	  25.79	   1.27	  -7.90	 111.27	  33.13	  25.33
1 	  27.03	  11.24	   1.46	   6.48	   3.87	  59.48
2 	  27.17	   4.62	  -4.14	 -83.08	 -28.85	 150.40
3 	  25.78	   1.26	  -7.90	 111.29	  33.20	  25.42
1 	  27.02	  11.24	   1.46	   6.48	   3.85	  59.48
2 	  27.16	   4.61	  -4.14	 -83.14	 -28.87	 150.40
3 	  25.77	   1.25	  -7.87	 111.31	  33.38	  25.42
1 	  27.03	  11.24	   1.47	   6.50	   3.80	  59.46
2 	  27.16	   4.63	  -4.15	 -83.03	 -28.85	 150.36
3 	  25.78	   1.26	  -7.88	 111.42	  33.38	  25.53
1 	  27.04	  11.24	   1.49	   6.46	   3.74	  59.46
2 	  27.17	   4.64	  -4.15	 -82.97	 -28.83	 150.36
3 	  25.77	   1.25	  -7.90	 111.51	  33.44	  25.66
1 	  27.04	  11.24	   1.48	   6.44	   3.76	  59.44
2 	  27.17	   4.63	  -4.15	 -82.99	 -28.87	 150.36
3 	  25.77	   1.24	  -7.92	 111.64	  33.51	  25.84
1 	  27.04	  11.25	   1.48	   6.48	   3.78	  59.41
2 	  27.16	   4.64	  -4.16	 -82.92	 -28.87	 150.27
3 	  25.76	   1.24	  -7.93	 111.77	  33.51	  25.97
1 	  27.03	  11.24	   1.51	   6.46	   3.63	  59.41
2 	  27.15	   4.64	  -4.14	 -82.95	 -28.85	 150.29
3 	  25.75	   1.24	  -7.91	 111.80	  33.62	  25.97
1 	  27.02	  11.25	   1.52	   6.50	   3.58	  59.41
2 	  27.16	   4.65	  -4.14	 -82.90	 -28.85	 150.31
3 	  25.76	   1.25	  -7.90	 111.88	  33.71	  25.99
1 	  27.03	  11.26	   1.51	   6.55	   3.58	  59.44
2 	  27.16	   4.65	  -4.17	 -82.81	 -28.85	 150.16
3 	  25.76	   1.26	  -7.91	 111.97	  33.71	  26.06
1 	  27.02	  11.27	   1.50	   6.61	   3.67	  59.44
2 	  27.17	   4.65	  -4.16	 -82.86	 -28.81	 150.18
3 	  25.77	   1.24	  -7.91	 111.97	  33.73	  26.13
1 	  27.01	  11.27	   1.50	   6.64	   3.71	  59.41
2 	  27.16	   4.65	  -4.19	 -82.71	 -28.78	 150.01
3 	  25.75	   1.24	  -7.91	 112.06	  33.82	  26.24
1 	  27.01	  11.28	   1.52	   6.66	   3.60	  59.41
2 	  27.16	   4.68	  -4.17	 -82.62	 -28.81	 150.05
3 	  25.74	   1.27	  -7.90	 112.15	  33.88	  26.21
1 	  27.01	  11.29	   1.56	   6.70	   3.43	  59.46
2 	  27.16	   4.68	  -4.16	 -82.68	 -28.81	 150.16
3 	  25.75	   1.26	  -7.90	 112.24	  33.95	  26.28
1 	  27.01	  11.29	   1.56	   6.70	   3.41	  59.46
2 	  27.16	   4.69	  -4.17	 -82.60	 -28.78	 150.10
3 	  25.75	   1.25	  -7.91	 112.30	  34.01	  26.37
1 	  27.02	  11.29	   1.56	   6.68	   3.45	  59.46
2 	  27.17	   4.68	  -4.19	 -82.57	 -28.81	 149.99
3 	  25.75	   1.24	  -7.91	 112.32	  34.06	  26.46
1 	  27.02	  11.27	   1.56	   6.57	   3.41	  59.44
2 	  27.16	   4.68	  -4.19	 -82.60	 -28.78	 149.96
3 	  25.74	   1.25	  -7.91	 112.43	  34.10	  26.52
1 	  27.01	  11.28	   1.62	   6.57	   3.16	  59.44
2 	  27.15	   4.71	  -4.17	 -82.51	 -28.83	 150.03
3 	  25.73	   1.24	  -7.91	 112.50	  34.23	  26.63
1 	  27.02	  11.29	   1.61	   6.61	   3.19	  59.46
2 	  27.15	   4.72	  -4.20	 -82.38	 -28.78	 149.90
3 	  25.73	   1.26	  -7.92	 112.72	  34.21	  26.74
1 	  27.00	  11.30	   1.64	   6.59	   3.03	  59.46
2 	  27.15	   4.73	  -4.18	 -82.40	 -28.83	 150.01
3 	  25.73	   1.26	  -7.88	 112.79	  34.45	  26.72
1 	  27.01	  11.29	   1.60	   6.59	   3.19	  59.46
2 	  27.15	   4.72	  -4.20	 -82.38	 -28.81	 149.88
3 	  25.72	   1.25	  -7.91	 112.87	  34.48	  26.89
1 	  27.02	  11.27	   1.61	   6.50	   3.21	  59.50
2 	  27.15	   4.70	  -4.20	 -82.42	 -28.78	 149.85
3 	  25.73	   1.23	  -7.89	 112.92	  34.61	  26.98
1 	  27.01	  11.27	   1.63	   6.50	   3.12	  59.46
2 	  27.14	   4.71	  -4.20	 -82.40	 -28.81	 149.83
3 	  25.73	   1.24	  -7.88	 113.05	  34.74	  27.07
1 	  27.01	  11.28	   1.62	   6.53	   3.12	  59.44
2 	  27.14	   4.72	  -4.21	 -82.33	 -28.81	 149.77
3 	  25.71	   1.26	  -7.88	 113.18	  34.80	  27.14
1 	  27.02	  11.26	   1.62	   6.46	   3.10	  59.46
2 	  27.15	   4.73	  -4.22	 -82.24	 -28.74	 149.72
3 	  25.73	   1.26	  -7.88	 113.27	  34.89	  27.16
1 	  27.03	  11.26	   1.60	   6.44	   3.19	  59.44
2 	  27.15	   4.71	  -4.25	 -82.24	 -28.74	 149.57
3 	  25.72	   1.24	  -7.90	 113.40	  34.96	  27.40
1 	  27.02	  11.27	   1.59	   6.48	   3.27	  59.41
2 	  27.15	   4.72	  -4.27	 -82.13	 -28.70	 149.39
3 	  25.71	   1.22	  -7.89	 113.44	  35.02	  27.51
1 	  27.01	  11.26	   1.61	   6.44	   3.16	  59.41
2 	  27.14	   4.73	  -4.27	 -82.07	 -28.72	 149.35
3 	  25.70	   1.23	  -7.89	 113.55	  35.07	  27.58
1 	  27.01	  11.26	   1.61	   6.44	   3.14	  59.44
2 	  27.14	   4.72	  -4.27	 -82.09	 -28.74	 149.35
3 	  25.70	   1.23	  -7.91	 113.69	  35.11	  27.71
1 	  27.02	  11.27	   1.58	   6.46	   3.27	  59.44
2 	  27.13	   4.72	  -4.32	 -81.89	 -28.65	 149.08
3 	  25.68	   1.21	  -7.94	 113.80	  35.07	  27.93
1 	  27.00	  11.24	   1.58	   6.37	   3.36	  59.44
2 	  27.14	   4.71	  -4.31	 -81.96	 -28.67	 149.11
3 	  25.69	   1.20	  -7.92	 113.82	  35.22	  27.97
1 	  27.01	  11.24	   1.56	   6.37	   3.47	  59.46
2 	  27.13	   4.70	  -4.32	 -81.96	 -28.65	 149.00
3 	  25.69	   1.20	  -7.92	 113.86	  35.29	  28.04
1 	  27.00	  11.23	   1.56	   6.39	   3.47	  59.46
2 	  27.13	   4.71	  -4.32	 -81.94	 -28.65	 149.04
3 	  25.69	   1.21	  -7.91	 113.88	  35.33	  27.99
1 	  27.00	  11.25	   1.57	   6.46	   3.41	  59.46
2 	  27.12	   4.72	  -4.32	 -81.89	 -28.67	 149.04
3 	  25.69	   1.21	  -7.90	 113.97	  35.42	  28.04
1 	  27.00	  11.28	   1.56	   6.59	   3.43	  59.44
2 	  27.12	   4.75	  -4.32	 -81.78	 -28.65	 149.00
3 	  25.69	   1.21	  -7.91	 114.04	  35.49	  28.12
1 	  27.01	  11.26	   1.56	   6.53	   3.41	  59.46
2 	  27.14	   4.72	  -4.36	 -81.83	 -28.65	 148.84
3 	  25.69	   1.18	  -7.94	 114.06	  35.46	  28.30
1 	  27.07	  11.16	   1.35	   6.22	   4.39	  59.44
2 	  27.14	   4.67	  -4.39	 -81.91	 -28.61	 148.69
3 	  25.69	   1.11	  -7.98	 113.95	  35.53	  28.54
1 	  27.07	  11.13	   1.37	   6.09	   4.39	  59.61
2 	  27.15	   4.66	  -4.41	 -81.91	 -28.56	 148.58
3 	  25.68	   1.11	  -7.98	 114.06	  35.55	  28.63
1 	  27.07	  11.13	   1.37	   6.09	   4.39	  59.59
2 	  27.14	   4.66	  -4.43	 -81.87	 -28.56	 148.43
3 	  25.68	   1.11	  -7.99	 114.13	  35.57	  28.74
1 	  27.05	  11.16	   1.37	   6.24	   4.42	  59.57
2 	  27.14	   4.67	  -4.43	 -81.80	 -28.56	 148.43
3 	  25.67	   1.10	  -7.99	 114.15	  35.64	  28.81
1 	  27.05	  11.17	   1.38	   6.28	   4.35	  59.59
2 	  27.14	   4.68	  -4.43	 -81.80	 -28.59	 148.43
3 	  25.68	   1.12	  -8.00	 114.30	  35.68	  28.83
1 	  27.05	  11.18	   1.38	   6.33	   4.33	  59.61
2 	  27.14	   4.67	  -4.42	 -81.85	 -28.56	 148.49
3 	  25.69	   1.10	  -7.98	 114.26	  35.79	  28.85
1 	  27.04	  11.18	   1.37	   6.33	   4.39	  59.63
2 	  27.15	   4.67	  -4.42	 -81.85	 -28.52	 148.45
3 	  25.69	   1.09	  -7.98	 114.28	  35.84	  28.89
1 	  27.04	  11.18	   1.39	   6.37	   4.33	  59.61
2 	  27.15	   4.68	  -4.41	 -81.85	 -28.52	 148.47
3 	  25.69	   1.11	  -7.98	 114.39	  35.86	  28.96
1 	  27.04	  11.20	   1.41	   6.39	   4.22	  59.59
2 	  27.15	   4.68	  -4.40	 -81.85	 -28.54	 148.51
3 	  25.68	   1.12	  -7.98	 114.54	  35.95	  29.03
1 	  27.04	  11.19	   1.41	   6.37	   4.20	  59.59
2 	  27.15	   4.67	  -4.41	 -81.85	 -28.56	 148.51
3 	  25.68	   1.10	  -7.99	 114.61	  36.06	  29.18
1 	  27.05	  11.18	   1.42	   6.31	   4.13	  59.61
2 	  27.16	   4.66	  -4.43	 -81.87	 -28.56	 148.45
3 	  25.68	   1.09	  -8.00	 114.65	  36.12	  29.31
1 	  27.05	  11.17	   1.43	   6.28	   4.09	  59.59
2 	  27.15	   4.67	  -4.42	 -81.85	 -28.52	 148.43
3 	  25.68	   1.08	  -7.99	 114.72	  36.21	  29.36
1 	  27.04	  11.18	   1.44	   6.26	   4.06	  59.59
2 	  27.15	   4.67	  -4.43	 -81.80	 -28.54	 148.36
3 	  25.68	   1.07	  -8.00	 114.83	  36.32	  29.53
1 	  27.05	  11.17	   1.46	   6.22	   3.93	  59.59
2 	  27.15	   4.68	  -4.46	 -81.65	 -28.52	 148.16
3 	  25.67	   1.08	  -8.03	 114.98	  36.30	  29.69
1 	  27.07	  11.16	   1.38	   6.20	   4.22	  59.57
2 	  27.15	   4.64	  -4.50	 -81.74	 -28.50	 148.03
3 	  25.66	   1.03	  -8.05	 114.94	  36.39	  29.84
1 	  27.07	  11.14	   1.42	   6.15	   4.09	  59.59
2 	  27.16	   4.65	  -4.50	 -81.72	 -28.50	 148.03
3 	  25.66	   1.04	  -8.04	 115.05	  36.43	  29.88
1 	  27.07	  11.14	   1.41	   6.13	   4.11	  59.66
2 	  27.15	   4.64	  -4.50	 -81.72	 -28.45	 148.03
3 	  25.66	   1.04	  -8.04	 115.09	  36.43	  29.88
1 	  27.07	  11.15	   1.38	   6.17	   4.22	  59.61
2 	  27.15	   4.65	  -4.51	 -81.69	 -28.43	 147.96
3 	  25.66	   1.02	  -8.05	 115.14	  36.45	  30.04
1 	  27.05	  11.18	   1.41	   6.28	   4.13	  59.57
2 	  27.15	   4.67	  -4.53	 -81.54	 -28.45	 147.83
3 	  25.66	   1.05	  -8.04	 115.29	  36.54	  30.10
1 	  27.05	  11.18	   1.42	   6.33	   4.06	  59.59
2 	  27.14	   4.69	  -4.52	 -81.50	 -28.45	 147.88
3 	  25.66	   1.06	  -8.02	 115.33	  36.63	  30.04
1 	  27.04	  11.19	   1.44	   6.35	   4.00	  59.59
2 	  27.15	   4.67	  -4.53	 -81.54	 -28.45	 147.83
3 	  25.66	   1.07	  -8.02	 115.44	  36.72	  30.10
1 	  27.05	  11.18	   1.46	   6.31	   3.91	  59.63
2 	  27.15	   4.67	  -4.52	 -81.56	 -28.41	 147.88
3 	  25.66	   1.05	  -8.05	 115.55	  36.72	  30.30
1 	  27.04	  11.18	   1.47	   6.28	   3.89	  59.61
2 	  27.14	   4.68	  -4.51	 -81.45	 -28.41	 147.81
3 	  25.66	   1.04	  -8.05	 115.58	  36.74	  30.34
1 	  27.03	  11.21	   1.48	   6.37	   3.80	  59.55
2 	  27.14	   4.70	  -4.52	 -81.36	 -28.43	 147.81
3 	  25.65	   1.05	  -8.03	 115.64	  36.83	  30.34
1 	  27.03	  11.22	   1.50	   6.39	   3.69	  59.55
2 	  27.14	   4.73	  -4.50	 -81.30	 -28.48	 147.90
3 	  25.66	   1.09	  -8.02	 115.75	  36.94	  30.32
1 	  27.07	  11.21	   1.52	   6.31	   3.45	  59.74
2 	  27.15	   4.71	  -4.50	 -81.47	 -28.52	 147.96
3 	  25.66	   1.08	  -8.03	 115.77	  36.96	  30.39
1 	  27.07	  11.21	   1.53	   6.37	   3.43	  59.74
2 	  27.15	   4.72	  -4.50	 -81.47	 -28.50	 147.96
3 	  25.66	   1.06	  -8.03	 115.77	  37.00	  30.43
1 	  27.07	  11.22	   1.51	   6.37	   3.52	  59.72
2 	  27.15	   4.72	  -4.51	 -81.43	 -28.48	 147.92
3 	  25.66	   1.06	  -8.04	 115.84	  37.00	  30.52
1 	  27.05	  11.22	   1.51	   6.39	   3.56	  59.70
2 	  27.14	   4.72	  -4.50	 -81.43	 -28.48	 147.92
3 	  25.66	   1.06	  -8.04	 115.93	  37.02	  30.61
1 	  27.05	  11.22	   1.54	   6.39	   3.45	  59.66
2 	  27.14	   4.72	  -4.49	 -81.43	 -28.50	 147.99
3 	  25.66	   1.06	  -8.02	 115.95	  37.11	  30.59
1 	  27.05	  11.22	   1.56	   6.37	   3.34	  59.72
2 	  27.15	   4.73	  -4.48	 -81.39	 -28.48	 148.03
3 	  25.66	   1.06	  -8.03	 115.95	  37.13	  30.61
1 	  27.06	  11.21	   1.55	   6.37	   3.38	  59.70
2 	  27.16	   4.72	  -4.49	 -81.43	 -28.48	 148.01
3 	  25.67	   1.05	  -8.03	 115.97	  37.18	  30.65
1 	  27.07	  11.21	   1.53	   6.31	   3.47	  59.66
2 	  27.15	   4.71	  -4.52	 -81.36	 -28.43	 147.83
3 	  25.66	   1.05	  -8.05	 116.04	  37.18	  30.76
1 	  27.06	  11.22	   1.52	   6.37	   3.49	  59.61
2 	  27.14	   4.72	  -4.51	 -81.32	 -28.43	 147.85
3 	  25.65	   1.04	  -8.06	 116.15	  37.16	  30.89
1 	  27.06	  11.23	   1.53	   6.39	   3.47	  59.63
2 	  27.13	   4.73	  -4.51	 -81.32	 -28.48	 147.83
3 	  25.65	   1.04	  -8.06	 116.19	  37.24	  30.98
1 	  27.06	  11.23	   1.54	   6.39	   3.41	  59.66
2 	  27.15	   4.73	  -4.49	 -81.41	 -28.50	 147.99
3 	  25.66	   1.04	  -8.06	 116.21	  37.29	  30.98
1 	  27.07	  11.21	   1.55	   6.35	   3.38	  59.70
2 	  27.15	   4.70	  -4.50	 -81.47	 -28.48	 147.92
3 	  25.67	   1.04	  -8.06	 116.26	  37.29	  31.00
1 	  27.05	  11.20	   1.54	   6.33	   3.47	  59.70
2 	  27.16	   4.71	  -4.52	 -81.39	 -28.41	 147.79
3 	  25.66	   1.03	  -8.06	 116.26	  37.35	  31.09
1 	  27.06	  11.21	   1.53	   6.31	   3.52	  59.66
2 	  27.15	   4.72	  -4.53	 -81.32	 -28.41	 147.68
3 	  25.66	   1.03	  -8.06	 116.37	  37.40	  31.16
1 	  27.06	  11.21	   1.54	   6.31	   3.45	  59.68
2 	  27.15	   4.72	  -4.54	 -81.28	 -28.41	 147.63
3 	  25.66	   1.03	  -8.06	 116.43	  37.40	  31.22
1 	  27.06	  11.22	   1.54	   6.35	   3.45	  59.68
2 	  27.15	   4.72	  -4.55	 -81.25	 -28.39	 147.59
3 	  25.67	   1.02	  -8.06	 116.39	  37.46	  31.18
1 	  27.06	  11.22	   1.52	   6.39	   3.56	  59.70
2 	  27.16	   4.71	  -4.55	 -81.28	 -28.37	 147.59
3 	  25.66	   1.01	  -8.06	 116.43	  37.51	  31.31
1 	  27.04	  11.21	   1.53	   6.39	   3.52	  59.68
2 	  27.15	   4.73	  -4.54	 -81.23	 -28.39	 147.59
3 	  25.66	   1.01	  -8.05	 116.48	  37.53	  31.35
1 	  27.03	  11.24	   1.55	   6.46	   3.45	  59.63
2 	  27.15	   4.73	  -4.54	 -81.19	 -28.39	 147.55
3 	  25.66	   1.05	  -8.03	 116.67	  37.62	  31.33
1 	  27.04	  11.26	   1.52	   6.53	   3.49	  59.61
2 	  27.15	   4.73	  -4.55	 -81.15	 -28.39	 147.52
3 	  25.66	   1.05	  -8.03	 116.74	  37.66	  31.35
1 	  27.05	  11.25	   1.52	   6.50	   3.58	  59.66
2 	  27.16	   4.72	  -4.56	 -81.21	 -28.39	 147.50
3 	  25.66	   1.04	  -8.04	 116.81	  37.71	  31.49
1 	  27.04	  11.25	   1.50	   6.55	   3.67	  59.66
2 	  27.15	   4.72	  -4.55	 -81.21	 -28.37	 147.50
3 	  25.66	   1.03	  -8.03	 116.83	  37.79	  31.55
1 	  27.04	  11.25	   1.50	   6.57	   3.67	  59.63
2 	  27.14	   4.72	  -4.55	 -81.21	 -28.39	 147.46
3 	  25.66	   1.03	  -8.02	 116.92	  37.84	  31.64
1 	  27.04	  11.27	   1.52	   6.59	   3.58	  59.63
2 	  27.15	   4.73	  -4.55	 -81.15	 -28.39	 147.48
3 	  25.66	   1.05	  -8.03	 117.11	  37.88	  31.73
1 	  27.04	  11.27	   1.52	   6.59	   3.56	  59.61
2 	  27.13	   4.74	  -4.57	 -81.08	 -28.39	 147.39
3 	  25.66	   1.05	  -8.03	 117.25	  37.92	  31.84
1 	  27.04	  11.27	   1.49	   6.64	   3.69	  59.63
2 	  27.14	   4.73	  -4.60	 -80.97	 -28.37	 147.22
3 	  25.65	   1.05	  -8.04	 117.31	  37.92	  31.95
1 	  27.04	  11.27	   1.48	   6.66	   3.78	  59.63
2 	  27.15	   4.74	  -4.60	 -80.95	 -28.32	 147.19
3 	  25.64	   1.02	  -8.05	 117.36	  38.01	  32.10
1 	  27.03	  11.28	   1.50	   6.66	   3.69	  59.61
2 	  27.13	   4.73	  -4.61	 -80.97	 -28.34	 147.13
3 	  25.64	   1.04	  -8.04	 117.44	  38.10	  32.15
1 	  27.04	  11.28	   1.49	   6.64	   3.71	  59.57
2 	  27.13	   4.73	  -4.61	 -80.97	 -28.37	 147.11
3 	  25.64	   1.03	  -8.05	 117.51	  38.08	  32.23
1 	  27.05	  11.29	   1.49	   6.61	   3.69	  59.59
2 	  27.15	   4.73	  -4.61	 -80.97	 -28.34	 147.13
3 	  25.64	   1.03	  -8.06	 117.64	  38.14	  32.32
1 	  27.05	  11.28	   1.48	   6.61	   3.78	  59.57
2 	  27.14	   4.75	  -4.63	 -80.84	 -28.34	 147.02
3 	  25.63	   1.02	  -8.08	 117.75	  38.14	  32.52
1 	  27.05	  11.27	   1.46	   6.57	   3.87	  59.55
2 	  27.13	   4.73	  -4.65	 -80.84	 -28.32	 146.87
3 	  25.63	   1.02	  -8.07	 117.77	  38.19	  32.54
1 	  27.04	  11.26	   1.49	   6.55	   3.71	  59.55
2 	  27.12	   4.73	  -4.62	 -80.86	 -28.32	 146.98
3 	  25.62	   1.02	  -8.07	 117.86	  38.23	  32.61
1 	  27.04	  11.26	   1.51	   6.53	   3.63	  59.52
2 	  27.11	   4.73	  -4.62	 -80.86	 -28.32	 147.00
3 	  25.62	   1.02	  -8.08	 117.93	  38.25	  32.67
1 	  27.04	  11.26	   1.49	   6.55	   3.69	  59.52
2 	  27.11	   4.74	  -4.64	 -80.77	 -28.30	 146.93
3 	  25.62	   1.02	  -8.08	 118.02	  38.28	  32.76
1 	  27.04	  11.26	   1.50	   6.57	   3.65	  59.52
2 	  27.11	   4.74	  -4.64	 -80.77	 -28.30	 146.89
3 	  25.63	   1.02	  -8.07	 118.04	  38.30	  32.78
1 	  27.03	  11.25	   1.52	   6.50	   3.63	  59.50
2 	  27.11	   4.74	  -4.63	 -80.79	 -28.32	 146.89
3 	  25.62	   1.01	  -8.06	 118.08	  38.39	  32.83
1 	  27.04	  11.25	   1.53	   6.46	   3.54	  59.48
2 	  27.11	   4.74	  -4.63	 -80.73	 -28.32	 146.89
3 	  25.61	   1.00	  -8.07	 118.12	  38.43	  32.94
1 	  27.04	  11.23	   1.55	   6.37	   3.43	  59.52
2 	  27.11	   4.75	  -4.64	 -80.68	 -28.30	 146.84
3 	  25.61	   1.01	  -8.08	 118.19	  38.43	  32.98
1 	  27.05	  11.23	   1.52	   6.35	   3.56	  59.48
2 	  27.11	   4.73	  -4.67	 -80.68	 -28.32	 146.69
3 	  25.61	   1.00	  -8.07	 118.23	  38.45	  33.00
1 	  27.05	  11.24	   1.50	   6.35	   3.65	  59.46
2 	  27.11	   4.74	  -4.70	 -80.57	 -28.26	 146.49
3 	  25.61	   1.01	  -8.08	 118.34	  38.47	  33.13
1 	  27.05	  11.22	   1.50	   6.31	   3.67	  59.46
2 	  27.11	   4.72	  -4.72	 -80.60	 -28.23	 146.38
3 	  25.61	   1.00	  -8.08	 118.32	  38.50	  33.13
1 	  27.05	  11.23	   1.51	   6.31	   3.63	  59.46
2 	  27.11	   4.72	  -4.72	 -80.60	 -28.26	 146.36
3 	  25.60	   0.99	  -8.06	 118.34	  38.56	  33.16
1 	  27.06	  11.22	   1.51	   6.31	   3.60	  59.48
2 	  27.11	   4.74	  -4.72	 -80.53	 -28.21	 146.40
3 	  25.61	   0.99	  -8.08	 118.45	  38.61	  33.27
1 	  27.06	  11.22	   1.48	   6.31	   3.74	  59.48
2 	  27.11	   4.73	  -4.76	 -80.42	 -28.17	 146.21
3 	  25.59	   0.98	  -8.11	 118.56	  38.52	  33.42
1 	  26.96	  11.35	   1.29	   6.86	   4.77	  58.84
2 	  27.07	   4.77	  -4.79	 -80.07	 -28.17	 145.90
3 	  25.56	   0.98	  -8.16	 118.89	  38.43	  33.86
1 	  26.95	  11.33	   1.38	   6.75	   4.48	  58.95
2 	  27.07	   4.75	  -4.80	 -80.13	 -28.19	 145.85
3 	  25.57	   0.97	  -8.15	 118.89	  38.50	  33.86
1 	  26.94	  11.32	   1.40	   6.75	   4.37	  58.97
2 	  27.07	   4.76	  -4.79	 -80.13	 -28.21	 145.85
3 	  25.57	   0.98	  -8.13	 118.92	  38.58	  33.82
1 	  26.95	  11.33	   1.40	   6.77	   4.33	  59.00
2 	  27.07	   4.77	  -4.79	 -80.11	 -28.21	 145.88
3 	  25.57	   0.98	  -8.13	 118.96	  38.63	  33.84
1 	  26.96	  11.33	   1.41	   6.75	   4.26	  59.04
2 	  27.08	   4.75	  -4.81	 -80.09	 -28.21	 145.79
3 	  25.57	   0.98	  -8.13	 119.00	  38.65	  33.88
1 	  26.96	  11.31	   1.40	   6.72	   4.31	  59.08
2 	  27.08	   4.75	  -4.81	 -80.13	 -28.21	 145.79
3 	  25.58	   0.98	  -8.13	 119.05	  38.69	  33.93
1 	  26.96	  11.31	   1.42	   6.75	   4.26	  59.08
2 	  27.08	   4.75	  -4.79	 -80.13	 -28.17	 145.77
3 	  25.57	   0.98	  -8.11	 119.05	  38.78	  33.95
1 	  26.96	  11.32	   1.44	   6.75	   4.13	  59.13
2 	  27.08	   4.75	  -4.80	 -80.16	 -28.17	 145.79
3 	  25.57	   0.98	  -8.12	 119.11	  38.80	  34.04
1 	  26.97	  11.32	   1.45	   6.75	   4.09	  59.15
2 	  27.09	   4.75	  -4.79	 -80.18	 -28.19	 145.83
3 	  25.57	   0.97	  -8.13	 119.18	  38.85	  34.10
1 	  26.98	  11.32	   1.42	   6.72	   4.15	  59.15
2 	  27.09	   4.76	  -4.81	 -80.11	 -28.15	 145.72
3 	  25.57	   0.96	  -8.14	 119.25	  38.85	  34.21
1 	  27.00	  11.30	   1.44	   6.68	   4.11	  59.17
2 	  27.09	   4.74	  -4.82	 -80.13	 -28.15	 145.68
3 	  25.57	   0.95	  -8.15	 119.31	  38.87	  34.32
1 	  26.99	  11.30	   1.44	   6.66	   4.11	  59.15
2 	  27.09	   4.74	  -4.81	 -80.16	 -28.15	 145.68
3 	  25.56	   0.95	  -8.16	 119.42	  38.94	  34.45
1 	  26.99	  11.29	   1.46	   6.59	   3.93	  59.17
2 	  27.09	   4.75	  -4.82	 -80.07	 -28.12	 145.61
3 	  25.56	   0.95	  -8.15	 119.49	  39.00	  34.50
1 	  27.01	  11.29	   1.48	   6.55	   3.85	  59.22
2 	  27.10	   4.75	  -4.83	 -80.07	 -28.12	 145.59
3 	  25.56	   0.95	  -8.15	 119.58	  39.05	  34.58
1 	  27.02	  11.28	   1.45	   6.55	   4.00	  59.22
2 	  27.10	   4.75	  -4.84	 -80.07	 -28.10	 145.55
3 	  25.55	   0.94	  -8.17	 119.73	  39.07	  34.76
1 	  27.02	  11.30	   1.42	   6.61	   4.11	  59.19
2 	  27.10	   4.75	  -4.85	 -80.02	 -28.08	 145.48
3 	  25.56	   0.94	  -8.18	 119.82	  39.11	  34.89
1 	  27.02	  11.30	   1.43	   6.64	   4.11	  59.24
2 	  27.10	   4.75	  -4.86	 -80.02	 -28.08	 145.42
3 	  25.55	   0.93	  -8.19	 119.88	  39.13	  35.02
1 	  27.02	  11.31	   1.42	   6.68	   4.09	  59.24
2 	  27.10	   4.74	  -4.86	 -80.00	 -28.10	 145.37
3 	  25.55	   0.93	  -8.17	 119.93	  39.18	  35.00
1 	  27.02	  11.31	   1.43	   6.68	   4.02	  59.26
2 	  27.10	   4.75	  -4.87	 -79.98	 -28.06	 145.35
3 	  25.54	   0.93	  -8.18	 119.99	  39.22	  35.09
1 	  27.03	  11.29	   1.42	   6.61	   4.06	  59.28
2 	  27.10	   4.75	  -4.89	 -79.89	 -28.04	 145.24
3 	  25.55	   0.93	  -8.18	 120.08	  39.24	  35.16
1 	  27.02	  11.30	   1.41	   6.68	   4.20	  59.26
2 	  27.09	   4.73	  -4.89	 -79.94	 -28.04	 145.20
3 	  25.54	   0.92	  -8.18	 120.12	  39.29	  35.24
1 	  27.01	  11.30	   1.42	   6.68	   4.13	  59.26
2 	  27.09	   4.74	  -4.90	 -79.87	 -28.04	 145.13
3 	  25.54	   0.92	  -8.18	 120.19	  39.29	  35.31
1 	  27.01	  11.29	   1.45	   6.64	   3.96	  59.30
2 	  27.08	   4.76	  -4.87	 -79.85	 -27.99	 145.28
3 	  25.53	   0.93	  -8.16	 120.28	  39.38	  35.29
1 	  27.02	  11.27	   1.45	   6.57	   3.93	  59.33
2 	  27.09	   4.74	  -4.90	 -79.89	 -28.02	 145.15
3 	  25.54	   0.92	  -8.17	 120.32	  39.42	  35.40
1 	  27.03	  11.27	   1.45	   6.55	   3.96	  59.33
2 	  27.08	   4.74	  -4.91	 -79.85	 -27.99	 145.04
3 	  25.54	   0.93	  -8.18	 120.39	  39.42	  35.46
1 	  27.02	  11.27	   1.45	   6.53	   3.98	  59.30
2 	  27.08	   4.74	  -4.92	 -79.85	 -28.02	 145.02
3 	  25.53	   0.92	  -8.19	 120.50	  39.42	  35.60
1 	  27.02	  11.28	   1.48	   6.53	   3.85	  59.28
2 	  27.08	   4.76	  -4.91	 -79.78	 -28.02	 145.06
3 	  25.53	   0.92	  -8.17	 120.50	  39.53	  35.55
1 	  27.03	  11.28	   1.50	   6.53	   3.71	  59.35
2 	  27.09	   4.76	  -4.89	 -79.80	 -28.02	 145.15
3 	  25.53	   0.94	  -8.17	 120.65	  39.55	  35.62
1 	  27.03	  11.26	   1.50	   6.46	   3.67	  59.39
2 	  27.09	   4.75	  -4.89	 -79.87	 -27.97	 145.15
3 	  25.54	   0.92	  -8.17	 120.67	  39.59	  35.73
1 	  27.03	  11.27	   1.48	   6.48	   3.80	  59.37
2 	  27.09	   4.75	  -4.90	 -79.85	 -28.02	 145.04
3 	  25.54	   0.90	  -8.18	 120.67	  39.64	  35.84
1 	  27.03	  11.28	   1.50	   6.50	   3.71	  59.35
2 	  27.08	   4.76	  -4.90	 -79.76	 -28.06	 145.04
3 	  25.53	   0.91	  -8.19	 120.83	  39.62	  35.95
1 	  27.02	  11.27	   1.53	   6.50	   3.58	  59.39
2 	  27.08	   4.75	  -4.89	 -79.83	 -28.04	 145.11
3 	  25.53	   0.92	  -8.17	 120.85	  39.73	  35.93
1 	  27.02	  11.26	   1.53	   6.48	   3.54	  59.41
2 	  27.07	   4.75	  -4.88	 -79.87	 -28.04	 145.17
3 	  25.53	   0.91	  -8.17	 120.87	  39.75	  35.97
1 	  27.04	  11.25	   1.54	   6.42	   3.52	  59.46
2 	  27.08	   4.76	  -4.90	 -79.80	 -27.99	 145.11
3 	  25.54	   0.90	  -8.18	 120.92	  39.77	  36.06
1 	  27.03	  11.25	   1.53	   6.42	   3.56	  59.44
2 	  27.08	   4.76	  -4.90	 -79.78	 -27.99	 145.02
3 	  25.54	   0.91	  -8.19	 121.00	  39.77	  36.15
1 	  27.02	  11.27	   1.53	   6.48	   3.54	  59.39
2 	  27.07	   4.77	  -4.92	 -79.69	 -27.99	 144.91
3 	  25.52	   0.90	  -8.19	 121.05	  39.81	  36.21
1 	  27.02	  11.25	   1.56	   6.42	   3.43	  59.44
2 	  27.07	   4.76	  -4.91	 -79.72	 -28.02	 145.00
3 	  25.53	   0.92	  -8.19	 121.14	  39.81	  36.23
1 	  27.03	  11.25	   1.56	   6.39	   3.41	  59.48
2 	  27.08	   4.76	  -4.91	 -79.72	 -27.99	 144.98
3 	  25.52	   0.90	  -8.18	 121.11	  39.86	  36.23
1 	  27.03	  11.25	   1.55	   6.39	   3.45	  59.46
2 	  27.08	   4.76	  -4.92	 -79.69	 -27.97	 144.93
3 	  25.52	   0.89	  -8.18	 121.11	  39.86	  36.32
1 	  27.03	  11.25	   1.56	   6.37	   3.43	  59.46
2 	  27.07	   4.76	  -4.92	 -79.74	 -27.97	 144.91
3 	  25.52	   0.91	  -8.19	 121.25	  39.88	  36.36
1 	  27.03	  11.25	   1.56	   6.35	   3.41	  59.41
2 	  27.07	   4.76	  -4.93	 -79.72	 -27.97	 144.87
3 	  25.52	   0.91	  -8.18	 121.29	  39.90	  36.41
1 	  27.04	  11.25	   1.56	   6.33	   3.36	  59.41
2 	  27.08	   4.76	  -4.94	 -79.69	 -27.97	 144.80
3 	  25.52	   0.89	  -8.20	 121.29	  39.92	  36.47
1 	  27.05	  11.23	   1.57	   6.26	   3.30	  59.46
2 	  27.09	   4.75	  -4.94	 -79.74	 -27.97	 144.82
3 	  25.52	   0.89	  -8.20	 121.29	  39.97	  36.50
1 	  27.04	  11.22	   1.57	   6.26	   3.34	  59.46
2 	  27.09	   4.73	  -4.94	 -79.78	 -27.95	 144.76
3 	  25.52	   0.88	  -8.20	 121.31	  39.95	  36.56
1 	  27.04	  11.23	   1.56	   6.31	   3.41	  59.44
2 	  27.08	   4.75	  -4.96	 -79.67	 -27.93	 144.62
3 	  25.52	   0.88	  -8.20	 121.35	  39.95	  36.61
1 	  27.04	  11.25	   1.56	   6.35	   3.38	  59.44
2 	  27.07	   4.75	  -4.96	 -79.65	 -27.93	 144.69
3 	  25.51	   0.89	  -8.20	 121.42	  39.97	  36.63
1 	  27.04	  11.25	   1.54	   6.42	   3.45	  59.44
2 	  27.07	   4.75	  -4.95	 -79.67	 -27.95	 144.73
3 	  25.52	   0.88	  -8.19	 121.40	  40.01	  36.58
1 	  27.04	  11.25	   1.53	   6.44	   3.52	  59.46
2 	  27.07	   4.73	  -4.95	 -79.76	 -27.95	 144.71
3 	  25.52	   0.88	  -8.18	 121.40	  40.06	  36.61
1 	  27.03	  11.23	   1.54	   6.44	   3.54	  59.50
2 	  27.07	   4.72	  -4.94	 -79.80	 -27.93	 144.78
3 	  25.52	   0.88	  -8.18	 121.38	  40.06	  36.58
1 	  27.02	  11.25	   1.55	   6.46	   3.49	  59.46
2 	  27.07	   4.74	  -4.94	 -79.76	 -27.93	 144.76
3 	  25.51	   0.88	  -8.18	 121.49	  40.08	  36.65
1 	  27.03	  11.26	   1.53	   6.50	   3.52	  59.46
2 	  27.07	   4.75	  -4.96	 -79.63	 -27.91	 144.65
3 	  25.51	   0.89	  -8.19	 121.55	  40.03	  36.69
1 	  27.02	  11.27	   1.50	   6.61	   3.65	  59.46
2 	  27.07	   4.75	  -4.97	 -79.61	 -27.86	 144.60
3 	  25.51	   0.87	  -8.20	 121.55	  40.06	  36.76
1 	  27.02	  11.26	   1.48	   6.61	   3.82	  59.46
2 	  27.07	   4.73	  -4.97	 -79.67	 -27.88	 144.56
3 	  25.51	   0.87	  -8.20	 121.55	  40.08	  36.74
1 	  27.01	  11.26	   1.49	   6.64	   3.78	  59.46
2 	  27.07	   4.74	  -4.97	 -79.63	 -27.86	 144.56
3 	  25.51	   0.87	  -8.20	 121.57	  40.08	  36.80
1 	  27.00	  11.27	   1.53	   6.64	   3.58	  59.44
2 	  27.07	   4.75	  -4.96	 -79.65	 -27.88	 144.65
3 	  25.51	   0.89	  -8.19	 121.64	  40.08	  36.80
1 	  27.00	  11.29	   1.53	   6.68	   3.56	  59.44
2 	  27.07	   4.77	  -4.96	 -79.56	 -27.86	 144.65
3 	  25.51	   0.90	  -8.20	 121.73	  40.03	  36.87
1 	  27.01	  11.29	   1.51	   6.68	   3.63	  59.44
2 	  27.06	   4.77	  -4.98	 -79.48	 -27.84	 144.51
3 	  25.51	   0.90	  -8.21	 121.77	  40.06	  36.91
1 	  27.00	  11.28	   1.51	   6.68	   3.63	  59.41
2 	  27.06	   4.75	  -4.98	 -79.50	 -27.86	 144.45
3 	  25.50	   0.89	  -8.22	 121.79	  40.06	  36.98
1 	  27.00	  11.28	   1.53	   6.68	   3.56	  59.41
2 	  27.07	   4.76	  -4.99	 -79.48	 -27.86	 144.43
3 	  25.49	   0.88	  -8.21	 121.82	  40.08	  37.05
1 	  27.00	  11.29	   1.53	   6.68	   3.54	  59.41
2 	  27.05	   4.76	  -4.99	 -79.50	 -27.84	 144.43
3 	  25.49	   0.89	  -8.22	 121.90	  40.03	  37.11
1 	  27.02	  11.28	   1.54	   6.64	   3.47	  59.44
2 	  27.07	   4.77	  -4.99	 -79.48	 -27.84	 144.45
3 	  25.49	   0.90	  -8.23	 121.97	  40.03	  37.16
1 	  27.02	  11.29	   1.53	   6.68	   3.52	  59.41
2 	  27.05	   4.78	  -5.00	 -79.39	 -27.80	 144.36
3 	  25.49	   0.89	  -8.24	 121.99	  40.06	  37.22
1 	  27.01	  11.30	   1.53	   6.75	   3.56	  59.39
2 	  27.06	   4.77	  -5.01	 -79.34	 -27.77	 144.27
3 	  25.48	   0.89	  -8.25	 122.12	  39.99	  37.38
1 	  27.00	  11.29	   1.54	   6.68	   3.49	  59.41
2 	  27.05	   4.78	  -5.01	 -79.32	 -27.80	 144.27
3 	  25.47	   0.89	  -8.24	 122.17	  40.03	  37.42
1 	  27.00	  11.30	   1.57	   6.72	   3.38	  59.39
2 	  27.05	   4.79	  -5.01	 -79.26	 -27.75	 144.23
3 	  25.46	   0.90	  -8.24	 122.23	  40.03	  37.44
1 	  27.00	  11.30	   1.57	   6.77	   3.32	  59.41
2 	  27.05	   4.80	  -5.02	 -79.19	 -27.73	 144.18
3 	  25.47	   0.91	  -8.23	 122.32	  40.03	  37.44
1 	  27.00	  11.31	   1.56	   6.79	   3.38	  59.44
2 	  27.06	   4.79	  -5.04	 -79.19	 -27.71	 144.10
3 	  25.47	   0.91	  -8.25	 122.41	  40.01	  37.57
1 	  26.99	  11.32	   1.55	   6.83	   3.47	  59.39
2 	  27.05	   4.80	  -5.04	 -79.17	 -27.71	 144.01
3 	  25.47	   0.91	  -8.25	 122.48	  40.03	  37.64
1 	  27.00	  11.30	   1.58	   6.72	   3.34	  59.41
2 	  27.04	   4.81	  -5.04	 -79.12	 -27.71	 144.01
3 	  25.46	   0.93	  -8.24	 122.54	  40.03	  37.68
1 	  27.00	  11.29	   1.59	   6.64	   3.23	  59.46
2 	  27.05	   4.80	  -5.02	 -79.19	 -27.71	 144.10
3 	  25.46	   0.93	  -8.24	 122.56	  40.06	  37.66
1 	  27.01	  11.29	   1.58	   6.64	   3.27	  59.46
2 	  27.06	   4.81	  -5.05	 -79.10	 -27.69	 143.96
3 	  25.46	   0.93	  -8.24	 122.61	  40.08	  37.71
1 	  27.02	  11.29	   1.56	   6.61	   3.38	  59.46
2 	  27.06	   4.80	  -5.08	 -79.08	 -27.66	 143.85
3 	  25.46	   0.93	  -8.27	 122.76	  40.06	  37.90
1 	  27.02	  11.28	   1.54	   6.57	   3.47	  59.44
2 	  27.06	   4.80	  -5.09	 -79.06	 -27.66	 143.72
3 	  25.45	   0.93	  -8.27	 122.78	  40.03	  37.95
1 	  27.01	  11.29	   1.56	   6.59	   3.41	  59.41
2 	  27.05	   4.81	  -5.09	 -78.99	 -27.69	 143.72
3 	  25.45	   0.94	  -8.26	 122.81	  40.06	  37.92
1 	  27.02	  11.29	   1.58	   6.59	   3.25	  59.41
2 	  27.06	   4.81	  -5.08	 -79.01	 -27.69	 143.81
3 	  25.45	   0.94	  -8.26	 122.87	  40.06	  37.97
1 	  27.03	  11.29	   1.57	   6.59	   3.32	  59.46
2 	  27.06	   4.79	  -5.08	 -79.08	 -27.66	 143.79
3 	  25.45	   0.92	  -8.28	 122.89	  40.06	  38.08
1 	  27.03	  11.29	   1.55	   6.59	   3.41	  59.44
2 	  27.06	   4.81	  -5.12	 -78.95	 -27.64	 143.61
3 	  25.44	   0.92	  -8.28	 122.92	  40.01	  38.12
1 	  27.03	  11.29	   1.55	   6.64	   3.41	  59.41
2 	  27.05	   4.82	  -5.11	 -78.93	 -27.64	 143.61
3 	  25.44	   0.93	  -8.28	 122.96	  40.03	  38.14
1 	  27.03	  11.30	   1.56	   6.64	   3.38	  59.39
2 	  27.05	   4.79	  -5.08	 -79.08	 -27.66	 143.75
3 	  25.44	   0.92	  -8.27	 122.96	  40.06	  38.17
1 	  27.03	  11.30	   1.56	   6.66	   3.34	  59.46
2 	  27.05	   4.80	  -5.10	 -79.01	 -27.64	 143.68
3 	  25.43	   0.90	  -8.29	 122.96	  40.06	  38.28
1 	  27.04	  11.28	   1.54	   6.57	   3.45	  59.44
2 	  27.07	   4.79	  -5.12	 -78.99	 -27.58	 143.55
3 	  25.42	   0.91	  -8.31	 123.07	  39.97	  38.39
1 	  27.03	  11.29	   1.52	   6.64	   3.56	  59.39
2 	  27.04	   4.79	  -5.16	 -78.90	 -27.55	 143.33
3 	  25.42	   0.91	  -8.32	 123.09	  39.95	  38.43
1 	  27.03	  11.30	   1.51	   6.68	   3.58	  59.35
2 	  27.05	   4.80	  -5.16	 -78.82	 -27.55	 143.31
3 	  25.42	   0.91	  -8.32	 123.16	  39.95	  38.47
1 	  27.03	  11.30	   1.52	   6.64	   3.56	  59.37
2 	  27.04	   4.79	  -5.15	 -78.86	 -27.55	 143.33
3 	  25.41	   0.91	  -8.32	 123.20	  39.95	  38.50
1 	  27.04	  11.29	   1.52	   6.55	   3.56	  59.37
2 	  27.04	   4.79	  -5.16	 -78.88	 -27.53	 143.31
3 	  25.41	   0.90	  -8.31	 123.16	  39.97	  38.52
1 	  27.05	  11.27	   1.51	   6.46	   3.63	  59.41
2 	  27.04	   4.79	  -5.16	 -78.88	 -27.51	 143.31
3 	  25.41	   0.90	  -8.33	 123.20	  39.92	  38.61
1 	  27.04	  11.27	   1.51	   6.50	   3.63	  59.37
2 	  27.04	   4.79	  -5.18	 -78.82	 -27.51	 143.17
3 	  25.40	   0.89	  -8.34	 123.27	  39.92	  38.72
1 	  27.04	  11.29	   1.51	   6.55	   3.65	  59.35
2 	  27.03	   4.79	  -5.19	 -78.77	 -27.51	 143.11
3 	  25.40	   0.88	  -8.34	 123.24	  39.95	  38.74
1 	  27.05	  11.27	   1.52	   6.50	   3.56	  59.39
2 	  27.03	   4.79	  -5.18	 -78.79	 -27.49	 143.17
3 	  25.40	   0.89	  -8.35	 123.31	  39.90	  38.78
1 	  27.05	  11.26	   1.52	   6.44	   3.56	  59.41
2 	  27.05	   4.77	  -5.19	 -78.86	 -27.47	 143.13
3 	  25.40	   0.88	  -8.36	 123.35	  39.86	  38.85
1 	  27.05	  11.26	   1.50	   6.44	   3.67	  59.39
2 	  27.04	   4.76	  -5.20	 -78.84	 -27.47	 143.04
3 	  25.40	   0.87	  -8.37	 123.31	  39.86	  38.89
1 	  27.04	  11.27	   1.49	   6.48	   3.71	  59.33
2 	  27.03	   4.78	  -5.22	 -78.73	 -27.42	 142.93
3 	  25.39	   0.88	  -8.38	 123.42	  39.84	  38.98
1 	  27.04	  11.27	   1.50	   6.48	   3.67	  59.33
2 	  27.03	   4.78	  -5.22	 -78.73	 -27.42	 142.93
3 	  25.38	   0.89	  -8.37	 123.51	  39.81	  38.98
1 	  27.05	  11.26	   1.50	   6.44	   3.67	  59.35
2 	  27.04	   4.78	  -5.21	 -78.77	 -27.36	 142.93
3 	  25.39	   0.87	  -8.37	 123.40	  39.88	  38.98
1 	  27.04	  11.25	   1.49	   6.46	   3.71	  59.39
2 	  27.04	   4.78	  -5.22	 -78.77	 -27.38	 142.93
3 	  25.38	   0.87	  -8.38	 123.49	  39.84	  39.09
1 	  27.03	  11.27	   1.51	   6.53	   3.71	  59.39
2 	  27.03	   4.78	  -5.23	 -78.73	 -27.38	 142.82
3 	  25.38	   0.87	  -8.40	 123.49	  39.79	  39.16
1 	  27.02	  11.27	   1.48	   6.57	   3.78	  59.35
2 	  27.03	   4.78	  -5.24	 -78.68	 -27.38	 142.76
3 	  25.37	   0.87	  -8.39	 123.53	  39.79	  39.18
1 	  27.03	  11.28	   1.48	   6.57	   3.76	  59.37
2 	  27.03	   4.79	  -5.26	 -78.60	 -27.36	 142.67
3 	  25.37	   0.89	  -8.39	 123.62	  39.79	  39.18
1 	  27.04	  11.26	   1.49	   6.48	   3.76	  59.41
2 	  27.03	   4.79	  -5.25	 -78.60	 -27.33	 142.71
3 	  25.38	   0.89	  -8.39	 123.60	  39.79	  39.13
1 	  27.05	  11.26	   1.49	   6.46	   3.76	  59.44
2 	  27.03	   4.78	  -5.27	 -78.60	 -27.33	 142.58
3 	  25.37	   0.88	  -8.40	 123.64	  39.77	  39.27
1 	  27.03	  11.25	   1.51	   6.46	   3.67	  59.41
2 	  27.02	   4.78	  -5.29	 -78.55	 -27.31	 142.51
3 	  25.37	   0.88	  -8.42	 123.73	  39.70	  39.38
1 	  27.04	  11.25	   1.52	   6.42	   3.60	  59.41
2 	  27.01	   4.79	  -5.26	 -78.53	 -27.31	 142.58
3 	  25.36	   0.89	  -8.41	 123.77	  39.73	  39.38
1 	  27.04	  11.27	   1.51	   6.48	   3.63	  59.37
2 	  27.01	   4.79	  -5.28	 -78.51	 -27.33	 142.51
3 	  25.35	   0.89	  -8.41	 123.82	  39.75	  39.40
1 	  27.05	  11.26	   1.50	   6.46	   3.69	  59.41
2 	  27.01	   4.79	  -5.29	 -78.49	 -27.31	 142.49
3 	  25.36	   0.89	  -8.42	 123.84	  39.70	  39.48
1 	  27.04	  11.25	   1.52	   6.44	   3.65	  59.44
2 	  27.01	   4.78	  -5.28	 -78.53	 -27.29	 142.47
3 	  25.35	   0.88	  -8.42	 123.86	  39.70	  39.53
1 	  27.03	  11.26	   1.52	   6.48	   3.60	  59.41
2 	  27.01	   4.79	  -5.30	 -78.46	 -27.25	 142.36
3 	  25.34	   0.90	  -8.43	 123.99	  39.66	  39.62
1 	  27.02	  11.27	   1.51	   6.55	   3.58	  59.39
2 	  27.01	   4.81	  -5.30	 -78.35	 -27.20	 142.34
3 	  25.33	   0.91	  -8.44	 124.15	  39.62	  39.73
1 	  27.03	  11.28	   1.52	   6.55	   3.58	  59.39
2 	  27.00	   4.81	  -5.32	 -78.31	 -27.20	 142.27
3 	  25.34	   0.89	  -8.45	 124.12	  39.64	  39.79
1 	  27.03	  11.27	   1.50	   6.50	   3.67	  59.41
2 	  27.01	   4.79	  -5.34	 -78.29	 -27.16	 142.10
3 	  25.33	   0.88	  -8.46	 124.17	  39.64	  39.88
1 	  27.03	  11.26	   1.52	   6.48	   3.63	  59.46
2 	  27.01	   4.78	  -5.34	 -78.35	 -27.14	 142.08
3 	  25.33	   0.88	  -8.46	 124.26	  39.64	  39.99
1 	  27.03	  11.25	   1.54	   6.44	   3.52	  59.41
2 	  27.01	   4.79	  -5.33	 -78.29	 -27.14	 142.08
3 	  25.33	   0.91	  -8.44	 124.39	  39.68	  39.99
1 	  27.03	  11.28	   1.54	   6.50	   3.47	  59.41
2 	  27.00	   4.80	  -5.35	 -78.22	 -27.11	 141.99
3 	  25.31	   0.91	  -8.49	 124.67	  39.59	  40.36
1 	  27.04	  11.28	   1.53	   6.53	   3.52	  59.41
2 	  27.01	   4.79	  -5.37	 -78.20	 -27.07	 141.86
3 	  25.29	   0.87	  -8.54	 124.87	  39.48	  40.74
1 	  27.04	  11.27	   1.53	   6.53	   3.56	  59.41
2 	  27.00	   4.79	  -5.40	 -78.11	 -27.03	 141.68
3 	  25.27	   0.87	  -8.55	 125.02	  39.46	  40.94
1 	  27.04	  11.28	   1.52	   6.55	   3.58	  59.41
2 	  26.98	   4.80	  -5.43	 -78.02	 -27.00	 141.53
3 	  25.26	   0.89	  -8.55	 125.29	  39.46	  41.20
1 	  27.03	  11.29	   1.54	   6.57	   3.47	  59.41
2 	  26.99	   4.81	  -5.42	 -77.96	 -26.96	 141.50
3 	  25.24	   0.87	  -8.60	 125.64	  39.44	  41.64
1 	  27.04	  11.28	   1.55	   6.53	   3.43	  59.39
2 	  26.97	   4.81	  -5.44	 -77.89	 -26.96	 141.39
3 	  25.23	   0.84	  -8.62	 125.73	  39.42	  41.88
1 	  27.06	  11.28	   1.51	   6.48	   3.58	  59.39
2 	  26.97	   4.81	  -5.48	 -77.83	 -26.92	 141.20
3 	  25.21	   0.82	  -8.67	 126.04	  39.35	  42.39
1 	  27.06	  11.27	   1.51	   6.46	   3.58	  59.39
2 	  26.97	   4.79	  -5.48	 -77.85	 -26.87	 141.11
3 	  25.21	   0.82	  -8.67	 126.19	  39.35	  42.54
1 	  27.05	  11.27	   1.53	   6.44	   3.56	  59.39
2 	  26.97	   4.77	  -5.50	 -77.85	 -26.87	 140.95
3 	  25.20	   0.82	  -8.65	 126.32	  39.46	  42.69
1 	  27.04	  11.28	   1.54	   6.53	   3.49	  59.41
2 	  26.96	   4.79	  -5.52	 -77.74	 -26.78	 140.84
3 	  25.17	   0.83	  -8.68	 126.63	  39.42	  43.02
1 	  27.05	  11.26	   1.54	   6.46	   3.47	  59.46
2 	  26.96	   4.79	  -5.54	 -77.67	 -26.76	 140.71
3 	  25.16	   0.81	  -8.71	 126.74	  39.35	  43.26
1 	  27.06	  11.27	   1.52	   6.48	   3.58	  59.41
2 	  26.95	   4.77	  -5.58	 -77.63	 -26.72	 140.47
3 	  25.15	   0.81	  -8.74	 126.96	  39.31	  43.51
1 	  27.05	  11.27	   1.49	   6.48	   3.74	  59.41
2 	  26.95	   4.78	  -5.63	 -77.48	 -26.63	 140.12
3 	  25.13	   0.80	  -8.76	 127.07	  39.27	  43.70
1 	  27.05	  11.25	   1.48	   6.44	   3.76	  59.41
2 	  26.94	   4.75	  -5.64	 -77.52	 -26.59	 140.01
3 	  25.12	   0.80	  -8.76	 127.24	  39.31	  43.88
1 	  27.06	  11.25	   1.50	   6.39	   3.67	  59.46
2 	  26.93	   4.77	  -5.64	 -77.48	 -26.59	 140.01
3 	  25.12	   0.80	  -8.75	 127.27	  39.33	  43.88
1 	  27.06	  11.25	   1.52	   6.39	   3.60	  59.44
2 	  26.93	   4.77	  -5.64	 -77.43	 -26.59	 139.99
3 	  25.13	   0.80	  -8.75	 127.38	  39.35	  44.01
1 	  27.06	  11.26	   1.51	   6.39	   3.63	  59.41
2 	  26.93	   4.77	  -5.68	 -77.32	 -26.54	 139.75
3 	  25.12	   0.80	  -8.77	 127.49	  39.31	  44.17
1 	  27.05	  11.25	   1.51	   6.42	   3.63	  59.44
2 	  26.92	   4.77	  -5.70	 -77.30	 -26.50	 139.61
3 	  25.11	   0.78	  -8.77	 127.51	  39.31	  44.25
1 	  27.04	  11.27	   1.53	   6.48	   3.52	  59.41
2 	  26.91	   4.78	  -5.70	 -77.23	 -26.48	 139.59
3 	  25.11	   0.78	  -8.77	 127.57	  39.33	  44.32
1 	  27.04	  11.26	   1.54	   6.50	   3.47	  59.46
2 	  26.92	   4.79	  -5.70	 -77.19	 -26.46	 139.59
3 	  25.10	   0.80	  -8.78	 127.71	  39.31	  44.38
1 	  27.05	  11.25	   1.55	   6.44	   3.43	  59.46
2 	  26.91	   4.78	  -5.71	 -77.19	 -26.46	 139.53
3 	  25.11	   0.80	  -8.78	 127.77	  39.33	  44.45
1 	  27.04	  11.25	   1.54	   6.44	   3.49	  59.44
2 	  26.90	   4.77	  -5.74	 -77.15	 -26.43	 139.35
3 	  25.10	   0.79	  -8.79	 127.79	  39.31	  44.56
1 	  27.04	  11.26	   1.55	   6.46	   3.43	  59.44
2 	  26.90	   4.79	  -5.75	 -77.04	 -26.46	 139.31
3 	  25.09	   0.81	  -8.81	 127.99	  39.27	  44.71
1 	  27.01	  11.27	   1.70	   6.35	   2.68	  59.41
2 	  26.89	   4.82	  -5.70	 -77.01	 -26.50	 139.44
3 	  25.10	   0.83	  -8.75	 128.10	  39.55	  44.69
1 	  27.02	  11.30	   1.66	   6.44	   2.75	  59.41
2 	  26.88	   4.83	  -5.73	 -76.93	 -26.46	 139.33
3 	  25.09	   0.83	  -8.77	 128.23	  39.51	  44.85
1 	  27.04	  11.29	   1.65	   6.42	   2.79	  59.44
2 	  26.89	   4.81	  -5.78	 -76.90	 -26.41	 139.09
3 	  25.08	   0.83	  -8.80	 128.34	  39.40	  45.00
1 	  27.03	  11.24	   1.43	   6.44	   3.96	  59.28
2 	  26.87	   4.76	  -5.86	 -76.82	 -26.30	 138.65
3 	  25.06	   0.81	  -8.82	 128.41	  39.29	  45.13
1 	  27.02	  11.22	   1.49	   6.53	   3.91	  59.50
2 	  26.88	   4.75	  -5.86	 -76.86	 -26.24	 138.56
3 	  25.06	   0.80	  -8.82	 128.43	  39.33	  45.15
1 	  27.01	  11.21	   1.51	   6.50	   3.87	  59.55
2 	  26.87	   4.74	  -5.87	 -76.86	 -26.21	 138.47
3 	  25.05	   0.80	  -8.82	 128.52	  39.31	  45.29
1 	  27.00	  11.23	   1.49	   6.55	   3.91	  59.48
2 	  26.87	   4.74	  -5.87	 -76.84	 -26.19	 138.43
3 	  25.04	   0.79	  -8.83	 128.65	  39.31	  45.48
1 	  27.01	  11.23	   1.51	   6.53	   3.85	  59.50
2 	  26.86	   4.76	  -5.88	 -76.75	 -26.15	 138.36
3 	  25.04	   0.79	  -8.85	 128.76	  39.29	  45.62
1 	  27.01	  11.22	   1.51	   6.50	   3.80	  59.48
2 	  26.86	   4.75	  -5.90	 -76.73	 -26.13	 138.25
3 	  25.04	   0.80	  -8.85	 128.94	  39.31	  45.73
1 	  27.00	  11.22	   1.50	   6.50	   3.82	  59.50
2 	  26.87	   4.75	  -5.92	 -76.71	 -26.08	 138.14
3 	  25.04	   0.77	  -8.85	 129.00	  39.33	  45.94
1 	  27.00	  11.23	   1.53	   6.55	   3.71	  59.50
2 	  26.87	   4.75	  -5.92	 -76.62	 -26.04	 138.05
3 	  25.03	   0.78	  -8.87	 129.16	  39.27	  46.12
1 	  26.99	  11.24	   1.54	   6.57	   3.63	  59.50
2 	  26.85	   4.76	  -5.92	 -76.60	 -26.02	 138.03
3 	  25.01	   0.79	  -8.87	 129.44	  39.27	  46.38
1 	  27.00	  11.23	   1.53	   6.50	   3.63	  59.48
2 	  26.85	   4.76	  -5.94	 -76.53	 -25.99	 137.94
3 	  25.00	   0.79	  -8.89	 129.64	  39.27	  46.60
1 	  27.01	  11.22	   1.53	   6.46	   3.60	  59.48
2 	  26.85	   4.77	  -5.95	 -76.51	 -25.95	 137.86
3 	  25.00	   0.78	  -8.91	 129.79	  39.22	  46.82
1 	  27.01	  11.22	   1.54	   6.44	   3.63	  59.50
2 	  26.85	   4.76	  -5.95	 -76.53	 -25.91	 137.81
3 	  24.98	   0.77	  -8.91	 129.97	  39.22	  47.04
1 	  27.00	  11.22	   1.54	   6.46	   3.60	  59.48
2 	  26.83	   4.76	  -5.97	 -76.44	 -25.86	 137.68
3 	  24.95	   0.79	  -8.92	 130.25	  39.16	  47.29
1 	  27.00	  11.24	   1.55	   6.50	   3.52	  59.48
2 	  26.82	   4.79	  -5.99	 -76.29	 -25.80	 137.55
3 	  24.94	   0.81	  -8.94	 130.52	  39.09	  47.48
1 	  27.00	  11.25	   1.54	   6.55	   3.54	  59.46
2 	  26.82	   4.79	  -6.01	 -76.25	 -25.75	 137.46
3 	  24.93	   0.82	  -8.95	 130.87	  39.11	  47.77
1 	  27.00	  11.25	   1.50	   6.59	   3.71	  59.46
2 	  26.81	   4.78	  -6.06	 -76.16	 -25.69	 137.18
3 	  24.90	   0.80	  -8.98	 131.11	  39.02	  48.16
1 	  27.01	  11.25	   1.51	   6.59	   3.69	  59.50
2 	  26.82	   4.77	  -6.06	 -76.18	 -25.64	 137.07
3 	  24.90	   0.78	  -8.98	 131.24	  39.02	  48.36
1 	  27.00	  11.25	   1.53	   6.59	   3.63	  59.48
2 	  26.81	   4.78	  -6.06	 -76.14	 -25.62	 137.02
3 	  24.87	   0.78	  -8.99	 131.59	  39.07	  48.74
1 	  27.00	  11.26	   1.53	   6.64	   3.54	  59.48
2 	  26.80	   4.80	  -6.08	 -75.98	 -25.58	 136.89
3 	  24.85	   0.80	  -9.02	 132.10	  39.00	  49.15
1 	  27.01	  11.26	   1.53	   6.59	   3.54	  59.50
2 	  26.80	   4.79	  -6.11	 -75.98	 -25.53	 136.74
3 	  24.85	   0.78	  -9.04	 132.25	  38.98	  49.42
1 	  27.01	  11.26	   1.51	   6.61	   3.69	  59.50
2 	  26.78	   4.77	  -6.12	 -75.98	 -25.51	 136.60
3 	  24.83	   0.75	  -9.06	 132.50	  38.96	  49.81
1 	  27.01	  11.26	   1.51	   6.61	   3.74	  59.50
2 	  26.78	   4.76	  -6.15	 -75.94	 -25.42	 136.38
3 	  24.81	   0.75	  -9.07	 132.71	  38.94	  50.08
1 	  27.00	  11.25	   1.53	   6.55	   3.60	  59.50
2 	  26.77	   4.79	  -6.20	 -75.72	 -25.31	 136.12
3 	  24.80	   0.75	  -9.08	 133.04	  38.94	  50.38
1 	  27.00	  11.25	   1.54	   6.55	   3.54	  59.52
2 	  26.75	   4.78	  -6.18	 -75.72	 -25.29	 136.12
3 	  24.79	   0.74	  -9.12	 133.40	  38.85	  50.76
1 	  27.01	  11.26	   1.52	   6.57	   3.60	  59.52
2 	  26.75	   4.81	  -6.27	 -75.41	 -25.14	 135.64
3 	  24.78	   0.73	  -9.17	 133.62	  38.72	  51.06
1 	  27.01	  11.26	   1.52	   6.59	   3.67	  59.52
2 	  26.75	   4.79	  -6.28	 -75.45	 -25.09	 135.48
3 	  24.76	   0.73	  -9.18	 133.77	  38.69	  51.26
1 	  27.00	  11.26	   1.52	   6.59	   3.65	  59.48
2 	  26.73	   4.80	  -6.31	 -75.30	 -24.98	 135.22
3 	  24.76	   0.73	  -9.15	 133.95	  38.80	  51.39
1 	  27.00	  11.26	   1.53	   6.57	   3.58	  59.48
2 	  26.71	   4.83	  -6.33	 -75.10	 -24.94	 135.04
3 	  24.75	   0.74	  -9.17	 134.12	  38.72	  51.53
1 	  27.01	  11.26	   1.54	   6.55	   3.52	  59.50
2 	  26.71	   4.81	  -6.34	 -75.17	 -24.92	 134.98
3 	  24.75	   0.74	  -9.18	 134.27	  38.74	  51.66
1 	  27.02	  11.25	   1.54	   6.48	   3.54	  59.50
2 	  26.71	   4.83	  -6.36	 -75.08	 -24.87	 134.93
3 	  24.74	   0.74	  -9.18	 134.36	  38.74	  51.75
1 	  27.02	  11.25	   1.52	   6.48	   3.60	  59.46
2 	  26.70	   4.82	  -6.39	 -75.04	 -24.83	 134.71
3 	  24.74	   0.75	  -9.18	 134.52	  38.72	  51.83
1 	  27.01	  11.25	   1.54	   6.46	   3.56	  59.46
2 	  26.70	   4.81	  -6.39	 -75.06	 -24.83	 134.74
3 	  24.73	   0.75	  -9.18	 134.60	  38.69	  51.92
1 	  27.02	  11.24	   1.56	   6.42	   3.43	  59.48
2 	  26.70	   4.82	  -6.39	 -74.99	 -24.79	 134.69
3 	  24.73	   0.75	  -9.18	 134.69	  38.74	  52.01
1 	  27.03	  11.25	   1.55	   6.44	   3.43	  59.48
2 	  26.70	   4.85	  -6.42	 -74.84	 -24.72	 134.54
3 	  24.72	   0.75	  -9.20	 134.80	  38.69	  52.08
1 	  27.03	  11.25	   1.55	   6.44	   3.45	  59.50
2 	  26.70	   4.83	  -6.43	 -74.88	 -24.70	 134.49
3 	  24.72	   0.74	  -9.21	 134.87	  38.65	  52.21
1 	  27.02	  11.25	   1.55	   6.44	   3.49	  59.46
2 	  26.69	   4.82	  -6.44	 -74.88	 -24.72	 134.36
3 	  24.72	   0.73	  -9.22	 134.91	  38.67	  52.34
1 	  27.03	  11.25	   1.55	   6.44	   3.47	  59.46
2 	  26.67	   4.83	  -6.44	 -74.79	 -24.68	 134.30
3 	  24.71	   0.73	  -9.21	 135.00	  38.67	  52.38
1 	  27.02	  11.26	   1.59	   6.46	   3.32	  59.48
2 	  26.67	   4.84	  -6.45	 -74.77	 -24.65	 134.25
3 	  24.71	   0.73	  -9.20	 135.02	  38.69	  52.38
1 	  27.01	  11.26	   1.60	   6.48	   3.23	  59.48
2 	  26.67	   4.83	  -6.46	 -74.75	 -24.63	 134.19
3 	  24.71	   0.75	  -9.22	 135.04	  38.63	  52.47
1 	  27.03	  11.27	   1.60	   6.46	   3.25	  59.48
2 	  26.68	   4.83	  -6.48	 -74.71	 -24.59	 134.08
3 	  24.71	   0.74	  -9.22	 135.15	  38.61	  52.56
1 	  27.03	  11.26	   1.60	   6.42	   3.21	  59.48
2 	  26.67	   4.83	  -6.49	 -74.69	 -24.57	 133.99
3 	  24.71	   0.74	  -9.23	 135.24	  38.61	  52.67
1 	  27.03	  11.26	   1.63	   6.42	   3.10	  59.46
2 	  26.66	   4.83	  -6.49	 -74.62	 -24.59	 133.95
3 	  24.70	   0.74	  -9.22	 135.26	  38.65	  52.69
1 	  27.02	  11.25	   1.66	   6.39	   2.94	  59.52
2 	  26.66	   4.84	  -6.48	 -74.64	 -24.59	 133.99
3 	  24.70	   0.76	  -9.22	 135.46	  38.65	  52.78
1 	  27.02	  11.24	   1.65	   6.37	   2.97	  59.52
2 	  26.66	   4.84	  -6.50	 -74.62	 -24.50	 133.95
3 	  24.70	   0.73	  -9.22	 135.46	  38.69	  52.93
1 	  27.02	  11.24	   1.63	   6.39	   3.05	  59.50
2 	  26.66	   4.84	  -6.53	 -74.55	 -24.43	 133.68
3 	  24.68	   0.73	  -9.26	 135.68	  38.56	  53.17
1 	  27.01	  11.25	   1.62	   6.44	   3.12	  59.48
2 	  26.65	   4.84	  -6.53	 -74.51	 -24.39	 133.64
3 	  24.66	   0.73	  -9.28	 135.99	  38.50	  53.46
1 	  27.01	  11.25	   1.63	   6.44	   3.08	  59.46
2 	  26.64	   4.85	  -6.55	 -74.47	 -24.37	 133.51
3 	  24.65	   0.72	  -9.26	 136.19	  38.61	  53.64
1 	  27.03	  11.25	   1.63	   6.42	   3.01	  59.52
2 	  26.64	   4.86	  -6.56	 -74.36	 -24.35	 133.42
3 	  24.63	   0.73	  -9.30	 136.74	  38.47	  54.16
1 	  27.03	  11.24	   1.63	   6.35	   3.05	  59.52
2 	  26.64	   4.85	  -6.59	 -74.36	 -24.28	 133.29
3 	  24.62	   0.70	  -9.36	 137.02	  38.30	  54.58
1 	  27.03	  11.22	   1.61	   6.31	   3.14	  59.48
2 	  26.62	   4.83	  -6.63	 -74.31	 -24.21	 133.07
3 	  24.56	   0.66	  -9.44	 137.48	  38.01	  55.28
1 	  27.02	  11.24	   1.61	   6.31	   3.10	  59.41
2 	  26.58	   4.87	  -6.68	 -73.98	 -24.06	 132.63
3 	  24.49	   0.69	  -9.47	 138.27	  37.81	  56.01
1 	  27.03	  11.22	   1.63	   6.24	   3.03	  59.41
2 	  26.55	   4.87	  -6.71	 -73.87	 -23.95	 132.39
3 	  24.48	   0.69	  -9.47	 138.65	  37.84	  56.34
1 	  27.04	  11.22	   1.63	   6.22	   3.08	  59.46
2 	  26.55	   4.85	  -6.75	 -73.87	 -23.91	 132.17
3 	  24.46	   0.66	  -9.50	 139.06	  37.77	  56.87
1 	  27.04	  11.22	   1.60	   6.22	   3.16	  59.46
2 	  26.55	   4.83	  -6.82	 -73.78	 -23.75	 131.77
3 	  24.42	   0.66	  -9.56	 139.61	  37.53	  57.48
1 	  27.04	  11.22	   1.59	   6.20	   3.27	  59.44
2 	  26.52	   4.86	  -6.90	 -73.48	 -23.55	 131.24
3 	  24.39	   0.67	  -9.59	 139.94	  37.38	  57.81
1 	  27.04	  11.24	   1.56	   6.26	   3.34	  59.37
2 	  26.48	   4.87	  -6.95	 -73.28	 -23.44	 130.87
3 	  24.35	   0.68	  -9.62	 140.47	  37.22	  58.29
1 	  27.04	  11.25	   1.58	   6.33	   3.27	  59.39
2 	  26.46	   4.88	  -7.00	 -73.10	 -23.29	 130.54
3 	  24.33	   0.68	  -9.63	 140.87	  37.20	  58.67
1 	  27.04	  11.24	   1.59	   6.28	   3.25	  59.41
2 	  26.46	   4.87	  -7.04	 -73.02	 -23.14	 130.28
3 	  24.34	   0.66	  -9.63	 141.00	  37.20	  58.82
1 	  27.04	  11.24	   1.57	   6.26	   3.34	  59.41
2 	  26.45	   4.86	  -7.07	 -72.99	 -23.07	 130.01
3 	  24.31	   0.64	  -9.63	 141.22	  37.13	  59.17
1 	  27.03	  11.24	   1.58	   6.28	   3.34	  59.41
2 	  26.43	   4.87	  -7.11	 -72.88	 -23.03	 129.81
3 	  24.28	   0.66	  -9.66	 141.70	  37.02	  59.59
1 	  27.03	  11.23	   1.58	   6.26	   3.30	  59.41
2 	  26.41	   4.87	  -7.13	 -72.80	 -22.94	 129.59
3 	  24.27	   0.66	  -9.65	 141.86	  37.07	  59.70
1 	  27.04	  11.23	   1.58	   6.24	   3.27	  59.44
2 	  26.39	   4.86	  -7.15	 -72.82	 -22.92	 129.46
3 	  24.26	   0.66	  -9.67	 142.16	  36.98	  59.99
1 	  27.06	  11.21	   1.58	   6.15	   3.27	  59.46
2 	  26.39	   4.84	  -7.18	 -72.80	 -22.85	 129.31
3 	  24.25	   0.66	  -9.68	 142.49	  36.96	  60.36
1 	  27.04	  11.21	   1.59	   6.13	   3.27	  59.46
2 	  26.37	   4.85	  -7.19	 -72.73	 -22.79	 129.13
3 	  24.25	   0.68	  -9.66	 142.76	  36.96	  60.53
1 	  27.03	  11.23	   1.59	   6.15	   3.23	  59.41
2 	  26.35	   4.87	  -7.24	 -72.55	 -22.65	 128.85
3 	  24.20	   0.68	  -9.72	 143.31	  36.74	  61.11
1 	  27.04	  11.24	   1.60	   6.17	   3.16	  59.39
2 	  26.31	   4.90	  -7.29	 -72.27	 -22.50	 128.52
3 	  24.17	   0.66	  -9.78	 143.85	  36.52	  61.70
1 	  27.04	  11.22	   1.62	   6.15	   3.08	  59.44
2 	  26.31	   4.89	  -7.32	 -72.27	 -22.39	 128.30
3 	  24.18	   0.65	  -9.78	 144.07	  36.52	  61.94
1 	  27.05	  11.23	   1.61	   6.15	   3.16	  59.44
2 	  26.31	   4.88	  -7.34	 -72.25	 -22.26	 128.10
3 	  24.14	   0.62	  -9.79	 144.38	  36.41	  62.38
1 	  27.04	  11.22	   1.61	   6.13	   3.14	  59.46
2 	  26.30	   4.86	  -7.40	 -72.18	 -22.06	 127.68
3 	  24.13	   0.65	  -9.80	 144.76	  36.39	  62.62
1 	  27.04	  11.21	   1.62	   6.06	   3.08	  59.44
2 	  26.27	   4.87	  -7.43	 -72.05	 -21.97	 127.42
3 	  24.10	   0.65	  -9.80	 145.22	  36.28	  63.02
1 	  27.05	  11.21	   1.61	   6.06	   3.10	  59.44
2 	  26.25	   4.88	  -7.51	 -71.85	 -21.80	 127.05
3 	  24.07	   0.65	  -9.85	 145.66	  36.04	  63.52
1 	  27.05	  11.22	   1.61	   6.11	   3.08	  59.46
2 	  26.22	   4.86	  -7.56	 -71.81	 -21.71	 126.72
3 	  24.06	   0.62	  -9.88	 145.83	  35.93	  63.81
1 	  27.05	  11.21	   1.60	   6.13	   3.19	  59.50
2 	  26.21	   4.84	  -7.57	 -71.81	 -21.67	 126.54
3 	  24.04	   0.58	  -9.87	 146.07	  35.93	  64.16
1 	  27.06	  11.21	   1.59	   6.13	   3.25	  59.48
2 	  26.20	   4.84	  -7.58	 -71.78	 -21.62	 126.43
3 	  24.02	   0.56	  -9.91	 146.40	  35.84	  64.60
1 	  27.05	  11.22	   1.60	   6.17	   3.19	  59.50
2 	  26.18	   4.85	  -7.61	 -71.70	 -21.56	 126.25
3 	  24.01	   0.57	  -9.94	 146.71	  35.68	  64.84
1 	  27.04	  11.23	   1.60	   6.22	   3.16	  59.52
2 	  26.16	   4.84	  -7.63	 -71.63	 -21.47	 126.06
3 	  24.01	   0.58	  -9.94	 147.06	  35.66	  65.10
1 	  27.05	  11.21	   1.58	   6.17	   3.30	  59.52
2 	  26.15	   4.84	  -7.68	 -71.52	 -21.36	 125.77
3 	  23.98	   0.56	  -9.95	 147.39	  35.51	  65.48
1 	  27.06	  11.20	   1.59	   6.15	   3.27	  59.55
2 	  26.14	   4.83	  -7.72	 -71.52	 -21.18	 125.46
3 	  23.96	   0.58	  -9.96	 147.61	  35.42	  65.65
1 	  27.05	  11.20	   1.60	   6.11	   3.23	  59.52
2 	  26.12	   4.83	  -7.71	 -71.52	 -21.16	 125.42
3 	  23.94	   0.60	  -9.94	 148.01	  35.40	  65.94
1 	  27.06	  11.21	   1.60	   6.13	   3.19	  59.48
2 	  26.09	   4.85	  -7.77	 -71.32	 -21.01	 125.09
3 	  23.90	   0.61	  -9.97	 148.38	  35.20	  66.23
1 	  27.07	  11.21	   1.60	   6.09	   3.16	  59.52
2 	  26.08	   4.84	  -7.81	 -71.26	 -20.92	 124.83
3 	  23.89	   0.62	 -10.00	 148.62	  35.02	  66.47
1 	  27.07	  11.21	   1.57	   6.13	   3.30	  59.48
2 	  26.07	   4.83	  -7.86	 -71.24	 -20.83	 124.52
3 	  23.87	   0.60	 -10.01	 148.89	  34.91	  66.80
1 	  27.06	  11.21	   1.57	   6.13	   3.34	  59.48
2 	  26.05	   4.83	  -7.90	 -71.08	 -20.72	 124.23
3 	  23.83	   0.60	 -10.02	 149.26	  34.74	  67.15
1 	  27.06	  11.22	   1.60	   6.13	   3.21	  59.48
2 	  26.02	   4.85	  -7.94	 -70.91	 -20.54	 123.95
3 	  23.82	   0.60	 -10.04	 149.57	  34.61	  67.41
1 	  27.07	  11.21	   1.59	   6.13	   3.21	  59.50
2 	  26.01	   4.86	  -7.95	 -70.86	 -20.46	 123.84
3 	  23.79	   0.61	 -10.04	 150.01	  34.54	  67.74
1 	  27.07	  11.22	   1.57	   6.17	   3.30	  59.50
2 	  25.98	   4.86	  -8.04	 -70.64	 -20.26	 123.33
3 	  23.76	   0.61	 -10.10	 150.38	  34.19	  68.07
1 	  27.08	  11.21	   1.56	   6.11	   3.38	  59.50
2 	  25.96	   4.83	  -8.07	 -70.66	 -20.19	 123.07
3 	  23.74	   0.56	 -10.16	 150.69	  33.93	  68.62
1 	  27.06	  11.21	   1.56	   6.15	   3.41	  59.46
2 	  25.92	   4.86	  -8.08	 -70.53	 -20.08	 122.89
3 	  23.70	   0.58	 -10.12	 151.08	  33.86	  68.95
1 	  27.06	  11.21	   1.57	   6.13	   3.32	  59.46
2 	  25.89	   4.87	  -8.11	 -70.33	 -19.95	 122.63
3 	  23.68	   0.63	 -10.13	 151.59	  33.66	  69.13
1 	  27.07	  11.23	   1.59	   6.20	   3.23	  59.50
2 	  25.88	   4.88	  -8.14	 -70.25	 -19.86	 122.45
3 	  23.68	   0.63	 -10.18	 152.03	  33.42	  69.50
1 	  27.07	  11.24	   1.58	   6.26	   3.30	  59.46
2 	  25.84	   4.90	  -8.20	 -70.03	 -19.69	 122.01
3 	  23.65	   0.61	 -10.23	 152.40	  33.09	  70.03
1 	  27.07	  11.24	   1.57	   6.24	   3.34	  59.44
2 	  25.81	   4.91	  -8.27	 -69.83	 -19.45	 121.53
3 	  23.62	   0.59	 -10.32	 152.75	  32.70	  70.47
1 	  27.06	  11.23	   1.58	   6.20	   3.32	  59.41
2 	  25.78	   4.88	  -8.31	 -69.87	 -19.36	 121.25
3 	  23.56	   0.57	 -10.33	 153.11	  32.48	  70.91
1 	  27.05	  11.23	   1.60	   6.22	   3.19	  59.44
2 	  25.72	   4.91	  -8.34	 -69.59	 -19.16	 120.92
3 	  23.54	   0.59	 -10.30	 153.59	  32.45	  71.13
1 	  27.05	  11.24	   1.60	   6.26	   3.16	  59.46
2 	  25.69	   4.91	  -8.39	 -69.46	 -18.94	 120.59
3 	  23.51	   0.62	 -10.35	 153.98	  32.12	  71.39
1 	  27.04	  11.24	   1.58	   6.33	   3.27	  59.48
2 	  25.66	   4.90	  -8.49	 -69.32	 -18.68	 119.99
3 	  23.46	   0.58	 -10.41	 154.36	  31.75	  71.94
1 	  27.04	  11.25	   1.56	   6.42	   3.36	  59.44
2 	  25.60	   4.90	  -8.56	 -69.17	 -18.48	 119.53
3 	  23.40	   0.56	 -10.44	 154.82	  31.46	  72.47
1 	  27.03	  11.26	   1.57	   6.46	   3.34	  59.44
2 	  25.48	   4.97	  -8.68	 -68.60	 -17.89	 118.52
3 	  23.37	   0.60	 -10.44	 155.32	  31.22	  72.71
1 	  27.01	  11.25	   1.61	   6.42	   3.14	  59.48
2 	  25.44	   4.93	  -8.67	 -68.73	 -17.69	 118.30
3 	  23.33	   0.60	 -10.41	 155.94	  31.03	  73.19
1 	  27.02	  11.25	   1.61	   6.44	   3.14	  59.50
2 	  25.37	   4.94	  -8.78	 -68.47	 -17.36	 117.55
3 	  23.29	   0.59	 -10.46	 156.45	  30.59	  73.70
1 	  27.03	  11.25	   1.61	   6.44	   3.19	  59.52
2 	  25.33	   4.93	  -8.92	 -68.31	 -17.03	 116.74
3 	  23.20	   0.57	 -10.61	 157.15	  29.69	  74.55
1 	  27.03	  11.25	   1.59	   6.39	   3.30	  59.52
2 	  25.28	   4.90	  -8.97	 -68.38	 -16.81	 116.32
3 	  23.11	   0.57	 -10.64	 157.83	  29.09	  75.17
1 	  27.04	  11.25	   1.60	   6.37	   3.21	  59.50
2 	  25.19	   4.96	  -9.07	 -67.90	 -16.39	 115.58
3 	  23.03	   0.58	 -10.63	 158.69	  28.72	  75.76
1 	  27.04	  11.24	   1.62	   6.35	   3.12	  59.52
2 	  25.12	   5.02	  -9.15	 -67.46	 -15.97	 114.92
3 	  22.99	   0.62	 -10.67	 159.48	  28.21	  76.22
1 	  27.05	  11.22	   1.62	   6.26	   3.12	  59.57
2 	  25.10	   4.96	  -9.24	 -67.52	 -15.71	 114.28
3 	  22.90	   0.58	 -10.78	 160.22	  27.29	  77.08
1 	  27.06	  11.22	   1.60	   6.24	   3.23	  59.52
2 	  25.00	   4.94	  -9.43	 -67.32	 -15.27	 113.05
3 	  22.82	   0.57	 -10.85	 160.73	  26.67	  77.63
1 	  27.06	  11.23	   1.59	   6.24	   3.27	  59.52
2 	  24.90	   4.99	  -9.50	 -67.02	 -14.85	 112.43
3 	  22.71	   0.63	 -10.87	 161.61	  25.97	  78.09
1 	  27.04	  11.24	   1.60	   6.31	   3.21	  59.52
2 	  24.76	   4.99	  -9.58	 -66.73	 -14.37	 111.56
3 	  22.60	   0.62	 -10.90	 162.38	  25.25	  78.66
1 	  27.05	  11.25	   1.60	   6.35	   3.19	  59.52
2 	  24.68	   4.96	  -9.68	 -66.60	 -14.00	 110.79
3 	  22.54	   0.58	 -10.96	 162.86	  24.68	  79.23
1 	  27.06	  11.23	   1.59	   6.31	   3.25	  59.59
2 	  24.60	   4.93	  -9.84	 -66.51	 -13.54	 109.73
3 	  22.46	   0.57	 -11.08	 163.63	  23.62	  79.91
1 	  27.06	  11.24	   1.58	   6.35	   3.32	  59.57
2 	  24.48	   4.90	  -9.98	 -66.45	 -13.07	 108.83
3 	  22.32	   0.54	 -11.22	 164.33	  22.35	  80.60
1 	  27.04	  11.25	   1.58	   6.39	   3.30	  59.52
2 	  24.32	   4.88	 -10.00	 -66.34	 -12.90	 108.06
3 	  22.25	   0.51	 -11.16	 164.88	  22.28	  81.21
1 	  27.05	  11.19	   1.60	   6.24	   3.27	  59.68
2 	  24.27	   4.59	 -10.01	 -67.35	 -12.68	 107.56
3 	  22.11	   0.36	 -11.11	 165.17	  21.67	  81.78
1 	  27.05	  11.19	   1.59	   6.28	   3.27	  59.68
2 	  24.07	   4.86	 -10.21	 -66.03	 -11.43	 106.13
3 	  22.02	   0.53	 -11.21	 166.60	  20.52	  82.11
1 	  27.06	  11.20	   1.58	   6.31	   3.30	  59.70
2 	  23.95	   5.03	 -10.44	 -65.17	 -10.48	 104.74
3 	  21.93	   0.62	 -11.36	 167.39	  19.36	  82.29
1 	  27.06	  11.19	   1.56	   6.26	   3.36	  59.68
2 	  23.86	   4.99	 -10.53	 -65.21	 -10.20	 103.95
3 	  21.78	   0.57	 -11.50	 167.85	  17.93	  82.90
1 	  27.05	  11.20	   1.56	   6.26	   3.43	  59.63
2 	  23.67	   5.02	 -10.68	 -64.91	  -9.49	 102.61
3 	  21.62	   0.57	 -11.54	 168.53	  16.83	  83.43
1 	  27.05	  11.20	   1.56	   6.28	   3.41	  59.63
2 	  23.48	   5.17	 -10.76	 -64.20	  -8.53	 101.69
3 	  21.50	   0.69	 -11.54	 169.50	  16.00	  83.54
1 	  27.06	  11.20	   1.59	   6.26	   3.27	  59.66
2 	  23.42	   5.18	 -10.76	 -64.20	  -8.09	 101.29
3 	  21.38	   0.75	 -11.60	 170.42	  14.88	  83.80
1 	  27.06	  11.22	   1.59	   6.31	   3.27	  59.66
2 	  23.26	   5.24	 -10.95	 -63.79	  -7.32	  99.78
3 	  21.23	   0.73	 -11.67	 171.08	  13.60	  84.35
1 	  27.06	  11.22	   1.59	   6.31	   3.30	  59.63
2 	  22.99	   5.24	 -11.20	 -63.46	  -6.44	  97.93
3 	  21.09	   0.76	 -11.80	 171.58	  12.26	  84.62
1 	  27.06	  11.22	   1.59	   6.31	   3.25	  59.61
2 	  22.84	   5.15	 -11.25	 -63.68	  -6.09	  97.19
3 	  20.90	   0.73	 -11.87	 172.13	  10.94	  84.92
1 	  27.04	  11.22	   1.63	   6.33	   3.05	  59.61
2 	  22.64	   5.30	 -11.18	 -63.04	  -5.34	  96.61
3 	  20.78	   0.79	 -11.81	 173.06	  10.11	  85.19
1 	  27.04	  11.22	   1.66	   6.33	   2.94	  59.66
2 	  22.46	   5.36	 -11.26	 -62.73	  -4.55	  95.56
3 	  20.65	   0.87	 -11.88	 173.94	   8.92	  85.28
1 	  27.04	  11.22	   1.65	   6.35	   2.97	  59.68
2 	  22.33	   5.19	 -11.42	 -63.24	  -4.26	  94.44
3 	  20.43	   0.80	 -12.01	 174.31	   7.12	  85.63
1 	  27.04	  11.23	   1.62	   6.35	   3.12	  59.61
2 	  21.97	   5.20	 -11.73	 -63.17	  -2.72	  91.82
3 	  20.20	   0.76	 -12.11	 174.79	   5.47	  86.02
1 	  27.03	  11.25	   1.63	   6.42	   3.05	  59.57
2 	  21.76	   5.40	 -11.76	 -62.36	  -1.78	  90.90
3 	  20.01	   0.86	 -12.08	 175.98	   4.22	  86.00
1 	  27.03	  11.24	   1.63	   6.42	   3.05	  59.59
2 	  21.42	   5.41	 -12.01	 -62.14	  -0.24	  88.88
3 	  19.78	   0.94	 -12.25	 176.77	   2.20	  85.50
1 	  27.00	  11.31	   1.60	   6.70	   3.19	  59.39
2 	  21.10	   5.81	 -12.10	 -60.36	   0.92	  87.58
3 	  19.53	   1.17	 -12.29	 178.73	   0.22	  85.52
1 	  27.01	  11.31	   1.60	   6.66	   3.23	  59.44
2 	  21.01	   5.50	 -12.18	 -61.85	   1.10	  86.31
3 	  19.31	   0.97	 -12.41	 178.53	  -1.65	  86.04
1 	  27.01	  11.31	   1.59	   6.64	   3.27	  59.44
2 	  20.76	   5.37	 -12.19	 -62.64	   1.91	  84.84
3 	  19.20	   0.87	 -12.37	 178.51	  -2.44	  86.35
1 	  27.01	  11.31	   1.57	   6.68	   3.36	  59.41
2 	  20.46	   5.39	 -12.28	 -62.64	   2.97	  83.30
3 	  18.87	   0.86	 -12.40	 179.08	  -4.70	  86.42
1 	  27.00	  11.31	   1.59	   6.68	   3.30	  59.44
2 	  20.13	   5.44	 -12.33	 -62.47	   4.50	  81.52
3 	  18.58	   0.91	 -12.48	 179.80	  -6.75	  86.02
1 	  27.02	  11.31	   1.57	   6.70	   3.34	  59.46
2 	  19.91	   5.42	 -12.31	 -62.53	   4.79	  80.57
3 	  18.30	   0.96	 -12.43	-179.54	  -8.55	  85.94
1 	  27.03	  11.29	   1.56	   6.61	   3.36	  59.46
2 	  19.48	   5.49	 -12.52	 -62.53	   6.24	  77.87
3 	  17.99	   1.02	 -12.45	-178.99	 -10.85	  85.67
1 	  27.03	  11.29	   1.56	   6.59	   3.38	  59.48
2 	  19.09	   5.44	 -12.62	 -63.15	   7.69	  75.28
3 	  17.73	   0.95	 -12.57	-179.01	 -13.03	  85.58
1 	  27.03	  11.29	   1.56	   6.59	   3.47	  59.48
2 	  18.74	   5.39	 -12.50	 -63.57	   8.77	  73.67
3 	  17.36	   0.93	 -12.41	-178.62	 -15.05	  85.56
1 	  27.04	  11.29	   1.58	   6.55	   3.34	  59.48
2 	  18.40	   5.70	 -12.49	 -62.38	  10.28	  72.27
3 	  17.03	   1.13	 -12.34	-177.03	 -17.20	  85.03
1 	  27.04	  11.27	   1.59	   6.48	   3.27	  59.50
2 	  18.05	   5.78	 -12.56	 -62.60	  12.17	  70.05
3 	  16.77	   1.09	 -12.52	-176.81	 -19.69	  84.62
1 	  27.04	  11.27	   1.57	   6.48	   3.34	  59.48
2 	  17.75	   5.56	 -12.62	 -63.72	  12.11	  68.07
3 	  16.38	   1.05	 -12.44	-176.22	 -22.21	  84.09
1 	  27.05	  11.27	   1.56	   6.44	   3.43	  59.41
2 	  17.28	   5.68	 -12.65	 -63.81	  13.69	  65.15
3 	  15.98	   1.11	 -12.26	-175.54	 -24.46	  83.78
1 	  27.04	  11.27	   1.54	   6.44	   3.49	  59.44
2 	  16.84	   5.60	 -12.58	 -64.58	  15.07	  62.91
3 	  15.71	   1.16	 -12.27	-174.75	 -26.54	  82.92
1 	  27.04	  11.25	   1.54	   6.39	   3.45	  59.46
2 	  16.65	   5.63	 -12.38	 -64.62	  15.53	  62.16
3 	  15.42	   1.19	 -12.13	-174.22	 -28.74	  82.60
1 	  27.05	  11.26	   1.56	   6.42	   3.41	  59.46
2 	  16.24	   5.79	 -12.39	 -64.75	  17.23	  59.28
3 	  14.98	   1.17	 -12.07	-174.00	 -31.97	  82.24
1 	  27.05	  11.25	   1.52	   6.37	   3.56	  59.46
2 	  15.79	   5.70	 -12.40	 -66.07	  18.52	  55.99
3 	  14.66	   1.17	 -12.05	-173.69	 -34.39	  81.65
1 	  27.04	  11.24	   1.50	   6.33	   3.69	  59.41
2 	  15.50	   5.67	 -12.24	 -66.60	  19.31	  54.49
3 	  14.26	   1.16	 -11.79	-173.25	 -36.78	  81.08
1 	  27.04	  11.25	   1.52	   6.37	   3.60	  59.41
2 	  15.07	   5.91	 -12.01	 -66.09	  21.23	  52.40
3 	  13.93	   1.26	 -11.57	-171.91	 -39.22	  80.22
1 	  27.04	  11.25	   1.52	   6.37	   3.60	  59.41
2 	  14.69	   5.84	 -11.90	 -67.26	  22.32	  49.48
3 	  13.67	   1.29	 -11.51	-171.15	 -41.46	  79.32
1 	  27.04	  11.24	   1.51	   6.35	   3.58	  59.44
2 	  14.41	   5.77	 -11.80	 -68.16	  22.87	  47.53
3 	  13.30	   1.22	 -11.32	-171.19	 -44.38	  78.86
1 	  27.04	  11.23	   1.51	   6.35	   3.65	  59.44
2 	  14.05	   5.90	 -11.59	 -68.58	  24.41	  45.02
3 	  13.04	   1.25	 -11.19	-170.60	 -46.36	  78.40
1 	  27.05	  11.24	   1.50	   6.33	   3.67	  59.41
2 	  13.76	   5.95	 -11.35	 -68.97	  25.64	  43.04
3 	  12.79	   1.28	 -10.92	-170.02	 -48.30	  77.67
1 	  27.04	  11.25	   1.52	   6.37	   3.60	  59.41
2 	  13.60	   5.91	 -11.19	 -69.39	  26.10	  42.03
3 	  12.59	   1.27	 -10.68	-169.96	 -49.86	  77.39
1 	  27.05	  11.24	   1.55	   6.35	   3.45	  59.50
2 	  13.43	   5.95	 -11.07	 -69.68	  26.76	  40.63
3 	  12.42	   1.25	 -10.55	-170.07	 -51.26	  77.37
1 	  27.05	  11.23	   1.56	   6.31	   3.43	  59.55
2 	  13.35	   5.92	 -11.04	 -70.29	  27.07	  39.64
3 	  12.38	   1.27	 -10.53	-169.74	 -51.88	  76.97
1 	  27.05	  11.23	   1.52	   6.31	   3.56	  59.50
2 	  13.30	   5.88	 -11.03	 -70.60	  27.09	  39.16
3 	  12.37	   1.24	 -10.49	-169.61	 -51.99	  76.77
1 	  27.05	  11.24	   1.52	   6.33	   3.56	  59.50
2 	  13.29	   5.91	 -11.02	 -70.42	  27.25	  39.20
3 	  12.38	   1.30	 -10.50	-168.82	 -51.94	  76.27
1 	  27.04	  11.23	   1.53	   6.35	   3.49	  59.48
2 	  13.29	   5.92	 -11.01	 -70.36	  27.27	  39.31
3 	  12.39	   1.30	 -10.50	-168.73	 -51.77	  76.20
1 	  27.05	  11.22	   1.55	   6.31	   3.41	  59.50
2 	  13.29	   5.92	 -11.01	 -70.31	  27.29	  39.38
3 	  12.43	   1.31	 -10.51	-168.79	 -51.46	  76.29
1 	  27.06	  11.23	   1.55	   6.31	   3.41	  59.55
2 	  13.35	   5.92	 -11.02	 -70.20	  27.16	  39.84
3 	  12.51	   1.29	 -10.57	-169.48	 -50.73	  76.79
1 	  27.05	  11.23	   1.55	   6.33	   3.45	  59.55
2 	  13.48	   5.98	 -11.07	 -69.57	  26.96	  41.02
3 	  12.56	   1.32	 -10.64	-169.58	 -50.21	  76.95
1 	  27.04	  11.23	   1.55	   6.33	   3.43	  59.52
2 	  13.52	   5.99	 -11.07	 -69.28	  26.85	  41.55
3 	  12.60	   1.31	 -10.64	-169.58	 -49.86	  77.08
1 	  27.04	  11.24	   1.55	   6.39	   3.41	  59.50
2 	  13.52	   5.99	 -11.11	 -69.17	  26.74	  41.53
3 	  12.60	   1.31	 -10.65	-169.48	 -49.81	  77.10
1 	  27.06	  11.23	   1.55	   6.33	   3.41	  59.55
2 	  13.54	   5.97	 -11.11	 -69.21	  26.59	  41.57
3 	  12.62	   1.29	 -10.64	-169.52	 -49.72	  77.23
1 	  27.05	  11.22	   1.54	   6.31	   3.45	  59.57
2 	  13.53	   5.95	 -11.12	 -69.32	  26.54	  41.48
3 	  12.61	   1.28	 -10.64	-169.52	 -49.79	  77.23
1 	  27.05	  11.23	   1.53	   6.37	   3.49	  59.55
2 	  13.53	   5.95	 -11.12	 -69.35	  26.54	  41.44
3 	  12.61	   1.28	 -10.64	-169.52	 -49.81	  77.21
1 	  27.04	  11.23	   1.54	   6.37	   3.45	  59.52
2 	  13.53	   5.95	 -11.11	 -69.35	  26.56	  41.42
3 	  12.59	   1.28	 -10.63	-169.39	 -49.97	  77.10
1 	  27.04	  11.25	   1.52	   6.46	   3.54	  59.48
2 	  13.51	   5.97	 -11.10	 -69.35	  26.65	  41.33
3 	  12.57	   1.29	 -10.61	-169.12	 -50.10	  76.82
1 	  27.04	  11.25	   1.49	   6.48	   3.69	  59.50
2 	  13.50	   5.95	 -11.10	 -69.50	  26.72	  41.11
3 	  12.56	   1.28	 -10.61	-169.08	 -50.19	  76.75
1 	  27.03	  11.23	   1.50	   6.46	   3.71	  59.55
2 	  13.50	   5.95	 -11.09	 -69.59	  26.72	  41.13
3 	  12.57	   1.28	 -10.61	-169.10	 -50.16	  76.75
1 	  27.02	  11.24	   1.52	   6.48	   3.65	  59.52
2 	  13.50	   5.94	 -11.09	 -69.63	  26.72	  41.09
3 	  12.57	   1.28	 -10.61	-169.10	 -50.16	  76.73
1 	  27.03	  11.25	   1.51	   6.50	   3.65	  59.52
2 	  13.49	   5.95	 -11.09	 -69.61	  26.74	  41.09
3 	  12.57	   1.29	 -10.61	-169.08	 -50.19	  76.71
1 	  27.04	  11.24	   1.51	   6.48	   3.63	  59.52
2 	  13.49	   5.95	 -11.09	 -69.59	  26.74	  41.11
3 	  12.57	   1.29	 -10.61	-169.08	 -50.16	  76.73
1 	  27.04	  11.23	   1.50	   6.44	   3.71	  59.52
2 	  13.49	   5.95	 -11.09	 -69.59	  26.74	  41.11
3 	  12.57	   1.29	 -10.62	-169.08	 -50.16	  76.73
1 	  27.04	  11.22	   1.50	   6.39	   3.71	  59.50
2 	  13.50	   5.95	 -11.09	 -69.59	  26.72	  41.09
3 	  12.57	   1.29	 -10.62	-169.10	 -50.16	  76.75
1 	  27.03	  11.21	   1.52	   6.37	   3.56	  59.50
2 	  13.50	   5.95	 -11.09	 -69.59	  26.72	  41.11
3 	  12.57	   1.28	 -10.61	-169.12	 -50.14	  76.77
1 	  27.03	  11.23	   1.53	   6.39	   3.52	  59.48
2 	  13.50	   5.95	 -11.09	 -69.57	  26.72	  41.13
3 	  12.57	   1.29	 -10.61	-169.10	 -50.14	  76.75
1 	  27.04	  11.24	   1.53	   6.44	   3.52	  59.50
2 	  13.50	   5.95	 -11.08	 -69.54	  26.74	  41.13
3 	  12.57	   1.29	 -10.61	-169.08	 -50.16	  76.75
1 	  27.04	  11.25	   1.53	   6.48	   3.56	  59.50
2 	  13.50	   5.95	 -11.08	 -69.54	  26.74	  41.13
3 	  12.57	   1.29	 -10.62	-169.10	 -50.16	  76.75
1 	  27.03	  11.25	   1.52	   6.53	   3.60	  59.48
2 	  13.50	   5.95	 -11.09	 -69.54	  26.74	  41.13
3 	  12.57	   1.29	 -10.62	-169.10	 -50.16	  76.77
1 	  27.02	  11.26	   1.54	   6.53	   3.49	  59.44
2 	  13.50	   5.95	 -11.08	 -69.54	  26.74	  41.13
3 	  12.57	   1.29	 -10.62	-169.06	 -50.16	  76.75
1 	  27.03	  11.26	   1.55	   6.55	   3.43	  59.46
2 	  13.50	   5.95	 -11.08	 -69.52	  26.76	  41.18
3 	  12.57	   1.29	 -10.62	-169.04	 -50.14	  76.71
1 	  27.03	  11.27	   1.54	   6.55	   3.49	  59.44
2 	  13.50	   5.96	 -11.08	 -69.52	  26.76	  41.15
3 	  12.57	   1.29	 -10.62	-169.01	 -50.16	  76.73
1 	  27.03	  11.27	   1.54	   6.53	   3.49	  59.44
2 	  13.50	   5.96	 -11.08	 -69.52	  26.74	  41.18
3 	  12.57	   1.29	 -10.62	-169.06	 -50.16	  76.73
1 	  27.02	  11.26	   1.55	   6.50	   3.47	  59.44
2 	  13.50	   5.96	 -11.08	 -69.52	  26.74	  41.18
3 	  12.58	   1.29	 -10.62	-169.04	 -50.14	  76.73
1 	  27.03	  11.26	   1.55	   6.48	   3.45	  59.41
2 	  13.50	   5.96	 -11.08	 -69.52	  26.76	  41.15
3 	  12.58	   1.29	 -10.62	-169.04	 -50.12	  76.73
1 	  27.03	  11.25	   1.57	   6.46	   3.34	  59.46
2 	  13.50	   5.96	 -11.08	 -69.52	  26.76	  41.18
3 	  12.58	   1.29	 -10.62	-169.01	 -50.12	  76.71
1 	  27.02	  11.26	   1.55	   6.53	   3.43	  59.48
2 	  13.50	   5.96	 -11.08	 -69.52	  26.74	  41.18
3 	  12.58	   1.29	 -10.62	-169.04	 -50.12	  76.73
1 	  27.02	  11.26	   1.54	   6.53	   3.49	  59.46
2 	  13.50	   5.96	 -11.09	 -69.52	  26.74	  41.13
3 	  12.58	   1.29	 -10.62	-169.04	 -50.12	  76.73
1 	  27.02	  11.26	   1.57	   6.48	   3.36	  59.46
2 	  13.50	   5.96	 -11.09	 -69.54	  26.74	  41.11
3 	  12.58	   1.29	 -10.62	-169.04	 -50.12	  76.75
1 	  27.02	  11.25	   1.59	   6.46	   3.23	  59.46
2 	  13.50	   5.96	 -11.09	 -69.52	  26.76	  41.15
3 	  12.58	   1.29	 -10.62	-169.01	 -50.10	  76.73
1 	  27.03	  11.27	   1.60	   6.50	   3.21	  59.46
2 	  13.50	   5.96	 -11.08	 -69.50	  26.74	  41.18
3 	  12.58	   1.29	 -10.62	-169.01	 -50.10	  76.75
1 	  27.04	  11.25	   1.59	   6.42	   3.23	  59.46
2 	  13.50	   5.95	 -11.08	 -69.52	  26.74	  41.18
3 	  12.58	   1.29	 -10.62	-169.04	 -50.12	  76.75
1 	  27.04	  11.25	   1.56	   6.44	   3.36	  59.44
2 	  13.50	   5.95	 -11.09	 -69.54	  26.72	  41.11
3 	  12.58	   1.29	 -10.62	-169.04	 -50.12	  76.75
1 	  27.04	  11.26	   1.59	   6.44	   3.25	  59.41
2 	  13.50	   5.95	 -11.09	 -69.54	  26.72	  41.13
3 	  12.58	   1.29	 -10.62	-169.01	 -50.10	  76.75
1 	  27.04	  11.27	   1.60	   6.48	   3.16	  59.46
2 	  13.50	   5.96	 -11.08	 -69.50	  26.74	  41.15
3 	  12.58	   1.30	 -10.62	-168.99	 -50.10	  76.73
1 	  27.04	  11.27	   1.61	   6.50	   3.14	  59.50
2 	  13.50	   5.95	 -11.09	 -69.52	  26.74	  41.15
3 	  12.58	   1.30	 -10.62	-168.99	 -50.10	  76.73
1 	  27.03	  11.29	   1.59	   6.55	   3.27	  59.46
2 	  13.50	   5.95	 -11.09	 -69.54	  26.72	  41.13
3 	  12.58	   1.29	 -10.63	-169.01	 -50.12	  76.73
1 	  27.03	  11.29	   1.60	   6.55	   3.23	  59.46
2 	  13.50	   5.95	 -11.09	 -69.54	  26.72	  41.13
3 	  12.58	   1.29	 -10.63	-169.01	 -50.10	  76.75
1 	  27.03	  11.29	   1.62	   6.55	   3.12	  59.46
2 	  13.50	   5.95	 -11.09	 -69.54	  26.72	  41.13
3 	  12.58	   1.30	 -10.62	-169.01	 -50.08	  76.75
1 	  27.04	  11.28	   1.61	   6.50	   3.12	  59.50
2 	  13.50	   5.95	 -11.09	 -69.52	  26.74	  41.13
3 	  12.58	   1.29	 -10.62	-169.01	 -50.05	  76.77
1 	  27.05	  11.27	   1.62	   6.48	   3.12	  59.55
2 	  13.50	   5.95	 -11.09	 -69.52	  26.74	  41.15
3 	  12.58	   1.29	 -10.62	-169.01	 -50.05	  76.75
1 	  27.04	  11.26	   1.60	   6.46	   3.21	  59.50
2 	  13.50	   5.95	 -11.09	 -69.54	  26.72	  41.15
3 	  12.59	   1.29	 -10.63	-169.04	 -50.05	  76.75
1 	  27.03	  11.28	   1.60	   6.50	   3.23	  59.48
2 	  13.50	   5.95	 -11.09	 -69.52	  26.72	  41.13
3 	  12.58	   1.29	 -10.63	-169.01	 -50.08	  76.75
1 	  27.03	  11.28	   1.60	   6.55	   3.16	  59.48
2 	  13.50	   5.95	 -11.09	 -69.52	  26.74	  41.13
3 	  12.58	   1.29	 -10.62	-169.01	 -50.08	  76.75
1 	  27.03	  11.26	   1.60	   6.50	   3.21	  59.52
2 	  13.50	   5.95	 -11.09	 -69.52	  26.74	  41.13
3 	  12.59	   1.29	 -10.63	-169.01	 -50.05	  76.75
1 	  27.04	  11.27	   1.58	   6.53	   3.25	  59.55
2 	  13.50	   5.95	 -11.09	 -69.54	  26.72	  41.13
3 	  12.59	   1.29	 -10.63	-169.04	 -50.08	  76.77
1 	  27.03	  11.27	   1.57	   6.55	   3.34	  59.55
2 	  13.50	   5.95	 -11.09	 -69.54	  26.72	  41.13
3 	  12.58	   1.29	 -10.63	-169.01	 -50.08	  76.77
1 	  27.01	  11.27	   1.56	   6.61	   3.38	  59.52
2 	  13.50	   5.95	 -11.09	 -69.57	  26.70	  41.11
3 	  12.58	   1.29	 -10.63	-169.04	 -50.08	  76.75
1 	  27.02	  11.29	   1.54	   6.66	   3.45	  59.50
2 	  13.50	   5.95	 -11.10	 -69.57	  26.70	  41.11
3 	  12.59	   1.29	 -10.63	-169.01	 -50.08	  76.75
1 	  27.04	  11.28	   1.53	   6.66	   3.52	  59.55
2 	  13.50	   5.95	 -11.10	 -69.57	  26.70	  41.11
3 	  12.59	   1.29	 -10.63	-169.04	 -50.08	  76.75
1 	  27.02	  11.29	   1.53	   6.72	   3.58	  59.57
2 	  13.50	   5.95	 -11.10	 -69.57	  26.70	  41.11
3 	  12.59	   1.29	 -10.63	-169.04	 -50.08	  76.77
1 	  27.02	  11.29	   1.52	   6.75	   3.63	  59.55
2 	  13.50	   5.94	 -11.10	 -69.59	  26.70	  41.09
3 	  12.58	   1.29	 -10.63	-169.04	 -50.10	  76.77
1 	  27.01	  11.23	   1.49	   6.59	   3.82	  59.52
2 	  13.50	   5.94	 -11.10	 -69.59	  26.67	  41.09
3 	  12.58	   1.28	 -10.63	-169.08	 -50.10	  76.79
1 	  26.99	  11.27	   1.54	   6.75	   3.58	  59.46
2 	  13.50	   5.94	 -11.10	 -69.59	  26.70	  41.09
3 	  12.58	   1.28	 -10.63	-169.06	 -50.08	  76.77
1 	  27.00	  11.27	   1.57	   6.72	   3.45	  59.52
2 	  13.50	   5.94	 -11.10	 -69.57	  26.70	  41.11
3 	  12.58	   1.29	 -10.63	-169.04	 -50.08	  76.77
1 	  27.00	  11.25	   1.58	   6.66	   3.41	  59.55
2 	  13.50	   5.94	 -11.09	 -69.57	  26.70	  41.13
3 	  12.59	   1.29	 -10.63	-169.04	 -50.05	  76.77
1 	  27.00	  11.25	   1.56	   6.61	   3.49	  59.52
2 	  13.50	   5.95	 -11.09	 -69.57	  26.70	  41.13
3 	  12.58	   1.29	 -10.63	-169.06	 -50.08	  76.77
1 	  27.00	  11.25	   1.56	   6.61	   3.49	  59.50
2 	  13.50	   5.95	 -11.09	 -69.57	  26.70	  41.13
3 	  12.58	   1.29	 -10.63	-169.04	 -50.05	  76.75
1 	  27.00	  11.25	   1.58	   6.61	   3.41	  59.48
2 	  13.50	   5.94	 -11.09	 -69.59	  26.70	  41.13
3 	  12.59	   1.29	 -10.63	-169.04	 -50.05	  76.77
1 	  27.00	  11.25	   1.57	   6.64	   3.43	  59.52
2 	  13.50	   5.94	 -11.09	 -69.57	  26.70	  41.13
3 	  12.59	   1.29	 -10.63	-169.04	 -50.05	  76.77
1 	  27.01	  11.24	   1.58	   6.55	   3.38	  59.55
2 	  13.50	   5.95	 -11.09	 -69.54	  26.70	  41.15
3 	  12.59	   1.29	 -10.63	-169.01	 -50.03	  76.77
1 	  27.00	  11.23	   1.59	   6.50	   3.38	  59.55
2 	  13.50	   5.94	 -11.09	 -69.54	  26.70	  41.18
3 	  12.59	   1.29	 -10.63	-169.04	 -50.03	  76.77
1 	  27.00	  11.25	   1.58	   6.57	   3.41	  59.48
2 	  13.50	   5.95	 -11.09	 -69.54	  26.67	  41.15
3 	  12.59	   1.29	 -10.63	-169.04	 -50.05	  76.77
1 	  27.00	  11.25	   1.58	   6.57	   3.38	  59.50
2 	  13.50	   5.95	 -11.09	 -69.57	  26.70	  41.15
3 	  12.59	   1.29	 -10.63	-169.01	 -50.03	  76.77
1 	  27.01	  11.25	   1.57	   6.57	   3.41	  59.52
2 	  13.50	   5.95	 -11.09	 -69.54	  26.70	  41.13
3 	  12.59	   1.29	 -10.63	-169.01	 -50.03	  76.75
1 	  27.01	  11.26	   1.56	   6.59	   3.43	  59.50
2 	  13.50	   5.94	 -11.10	 -69.57	  26.67	  41.11
3 	  12.59	   1.29	 -10.63	-168.99	 -50.03	  76.75
1 	  27.01	  11.25	   1.56	   6.59	   3.45	  59.52
2 	  13.50	   5.94	 -11.10	 -69.59	  26.65	  41.13
3 	  12.59	   1.29	 -10.63	-168.99	 -50.03	  76.75
1 	  27.01	  11.26	   1.56	   6.57	   3.45	  59.48
2 	  13.50	   5.94	 -11.10	 -69.59	  26.65	  41.13
3 	  12.59	   1.29	 -10.63	-168.99	 -50.03	  76.75
1 	  27.02	  11.27	   1.54	   6.59	   3.49	  59.46
2 	  13.50	   5.94	 -11.10	 -69.59	  26.65	  41.09
3 	  12.59	   1.29	 -10.63	-169.01	 -50.03	  76.77
1 	  27.01	  11.22	   1.56	   6.48	   3.47	  59.52
2 	  13.50	   5.93	 -11.10	 -69.59	  26.65	  41.11
3 	  12.59	   1.28	 -10.63	-169.04	 -50.01	  76.77
1 	  27.01	  11.23	   1.57	   6.50	   3.41	  59.52
2 	  13.50	   5.94	 -11.10	 -69.57	  26.65	  41.11
3 	  12.59	   1.29	 -10.63	-169.01	 -50.01	  76.77
1 	  27.02	  11.23	   1.56	   6.53	   3.45	  59.52
2 	  13.50	   5.95	 -11.10	 -69.54	  26.67	  41.13
3 	  12.59	   1.29	 -10.63	-169.01	 -50.01	  76.77
1 	  27.00	  11.25	   1.60	   6.53	   3.27	  59.48
2 	  13.50	   5.95	 -11.09	 -69.50	  26.65	  41.20
3 	  12.59	   1.29	 -10.63	-168.99	 -49.99	  76.77
