1.000	8.908	6.421	-2.808	-121.581	-83.077	19.943
2.000	11.444	4.360	-11.417	-77.633	6.279	82.902
3.000	11.224	-2.755	-10.297	-122.065	-2.295	165.509
1.000	8.908	6.421	-2.808	-121.600	-83.068	19.998
2.000	11.448	4.346	-11.413	-77.691	6.230	82.896
3.000	11.224	-2.760	-10.301	-122.100	-2.358	165.415
1.000	8.908	6.421	-2.808	-121.531	-83.081	19.963
2.000	11.448	4.346	-11.409	-77.696	6.273	82.852
3.000	11.220	-2.764	-10.297	-122.115	-2.414	165.385
1.000	8.908	6.421	-2.808	-121.600	-83.068	19.978
2.000	11.452	4.346	-11.413	-77.698	6.251	82.775
3.000	11.224	-2.755	-10.297	-122.094	-2.477	165.262
1.000	8.908	6.421	-2.808	-121.691	-83.086	20.113
2.000	11.448	4.342	-11.413	-77.712	6.224	82.655
3.000	11.224	-2.760	-10.292	-122.148	-2.610	165.166
1.000	8.908	6.421	-2.808	-121.790	-83.079	20.147
2.000	11.457	4.351	-11.409	-77.718	6.259	82.583
3.000	11.233	-2.751	-10.288	-122.132	-2.715	165.086
1.000	8.908	6.421	-2.808	-121.790	-83.079	20.147
2.000	11.466	4.351	-11.400	-77.749	6.230	82.513
3.000	11.233	-2.747	-10.288	-122.167	-2.827	164.997
1.000	8.908	6.421	-2.808	-121.790	-83.079	20.147
2.000	11.470	4.355	-11.400	-77.778	6.230	82.427
3.000	11.242	-2.747	-10.279	-122.212	-2.841	164.989
1.000	8.912	6.421	-2.808	-121.778	-83.063	20.162
2.000	11.474	4.351	-11.409	-77.872	6.181	82.286
3.000	11.246	-2.747	-10.275	-122.249	-2.883	164.982
1.000	8.908	6.421	-2.808	-121.680	-83.071	20.018
2.000	11.483	4.342	-11.409	-77.923	6.167	82.229
3.000	11.246	-2.742	-10.275	-122.262	-2.890	164.931
1.000	8.908	6.421	-2.808	-121.680	-83.071	20.018
2.000	11.483	4.342	-11.413	-77.937	6.167	82.158
3.000	11.246	-2.742	-10.284	-122.268	-2.911	164.887
1.000	8.908	6.421	-2.808	-121.680	-83.071	20.018
2.000	11.488	4.351	-11.422	-77.973	6.202	82.081
3.000	11.250	-2.742	-10.284	-122.293	-2.932	164.887
1.000	8.908	6.421	-2.808	-121.680	-83.071	20.018
2.000	11.492	4.351	-11.426	-78.008	6.202	82.016
3.000	11.246	-2.738	-10.292	-122.309	-2.946	164.822
1.000	8.908	6.421	-2.808	-121.680	-83.071	20.018
2.000	11.496	4.346	-11.435	-78.051	6.265	81.902
3.000	11.250	-2.742	-10.292	-122.365	-2.987	164.747
1.000	8.908	6.421	-2.808	-121.759	-83.073	20.127
2.000	11.505	4.351	-11.431	-78.102	6.251	81.874
3.000	11.246	-2.742	-10.297	-122.379	-3.009	164.639
1.000	8.908	6.421	-2.808	-121.691	-83.086	20.058
2.000	11.505	4.351	-11.444	-78.113	6.350	81.751
3.000	11.255	-2.747	-10.314	-122.433	-3.030	164.464
1.000	8.908	6.421	-2.808	-121.642	-83.089	20.038
2.000	11.510	4.342	-11.444	-78.212	6.413	81.636
3.000	11.259	-2.760	-10.332	-122.518	-3.121	164.215
1.000	8.908	6.421	-2.808	-121.691	-83.086	20.038
2.000	11.518	4.324	-11.461	-78.341	6.511	81.328
3.000	11.255	-2.773	-10.371	-122.643	-3.289	163.746
1.000	8.908	6.421	-2.808	-121.710	-83.077	20.093
2.000	11.523	4.320	-11.483	-78.556	6.737	80.896
3.000	11.259	-2.786	-10.402	-122.794	-3.380	163.327
1.000	8.908	6.421	-2.808	-121.691	-83.086	20.038
2.000	11.540	4.307	-11.501	-78.747	6.906	80.579
3.000	11.264	-2.799	-10.420	-122.889	-3.457	163.070
1.000	8.908	6.421	-2.808	-121.642	-83.089	20.038
2.000	11.540	4.302	-11.514	-78.907	7.076	80.233
3.000	11.259	-2.795	-10.437	-122.944	-3.528	162.813
1.000	8.908	6.421	-2.808	-121.592	-83.094	19.948
2.000	11.545	4.285	-11.536	-79.085	7.139	79.987
3.000	11.272	-2.786	-10.451	-122.928	-3.598	162.516
1.000	8.908	6.421	-2.808	-121.710	-83.077	20.093
2.000	11.540	4.280	-11.540	-79.170	7.230	80.057
3.000	11.321	-2.786	-10.486	-122.470	-6.329	159.675
1.000	8.908	6.421	-2.808	-121.710	-83.077	20.093
2.000	11.558	4.276	-11.527	-79.314	7.188	80.731
3.000	11.347	-2.799	-10.534	-122.043	-8.792	157.629
1.000	8.908	6.421	-2.808	-121.710	-83.077	20.093
2.000	11.567	4.201	-11.505	-79.846	6.456	83.176
3.000	11.373	-2.786	-10.543	-121.928	-9.394	157.589
1.000	8.908	6.421	-2.808	-121.691	-83.086	20.038
2.000	11.554	4.193	-11.514	-79.864	6.189	83.485
3.000	11.369	-2.795	-10.534	-121.941	-9.471	157.835
1.000	8.908	6.421	-2.808	-121.710	-83.077	20.093
2.000	11.554	4.179	-11.523	-79.888	6.139	83.542
3.000	11.365	-2.799	-10.534	-121.961	-9.465	157.851
1.000	8.908	6.421	-2.808	-121.710	-83.077	20.093
2.000	11.549	4.179	-11.523	-79.922	6.188	83.542
3.000	11.365	-2.804	-10.534	-121.983	-9.457	157.838
1.000	8.908	6.421	-2.808	-121.710	-83.077	20.093
2.000	11.549	4.179	-11.523	-79.929	6.223	83.527
3.000	11.365	-2.804	-10.543	-121.989	-9.415	157.786
1.000	8.908	6.421	-2.808	-121.710	-83.077	20.093
2.000	11.558	4.175	-11.527	-79.957	6.238	83.527
3.000	11.356	-2.808	-10.574	-122.080	-9.309	157.633
1.000	8.908	6.421	-2.808	-121.778	-83.063	20.162
2.000	11.558	4.179	-11.527	-80.012	6.364	83.504
3.000	11.351	-2.821	-10.613	-122.214	-9.160	157.374
1.000	8.908	6.421	-2.808	-121.710	-83.077	20.093
2.000	11.567	4.184	-11.549	-80.144	6.561	83.381
3.000	11.365	-2.817	-10.666	-122.282	-9.011	157.086
1.000	8.908	6.421	-2.808	-121.710	-83.077	20.093
2.000	11.584	4.184	-11.571	-80.347	6.807	83.292
3.000	11.391	-2.817	-10.723	-122.126	-9.641	156.035
1.000	8.908	6.421	-2.808	-121.691	-83.086	20.038
2.000	11.598	4.197	-11.589	-80.619	7.124	83.848
3.000	11.413	-2.835	-10.820	-121.117	-13.218	152.400
1.000	8.908	6.421	-2.808	-121.691	-83.086	20.038
2.000	11.593	4.197	-11.606	-80.761	6.786	84.780
3.000	11.479	-2.777	-10.815	-120.444	-14.393	151.939
1.000	8.908	6.421	-2.808	-121.710	-83.077	20.093
2.000	11.580	4.214	-11.611	-80.852	6.089	86.093
3.000	11.536	-2.764	-10.754	-119.759	-16.233	150.739
1.000	8.908	6.421	-2.808	-121.778	-83.063	20.162
2.000	11.562	4.214	-11.589	-80.855	5.471	87.484
3.000	11.540	-2.795	-10.785	-118.976	-18.666	148.506
1.000	8.908	6.421	-2.808	-121.710	-83.077	20.093
2.000	11.527	4.214	-11.545	-80.926	5.028	88.764
3.000	11.598	-2.764	-10.771	-118.172	-20.174	147.019
1.000	8.908	6.421	-2.808	-121.531	-83.082	19.854
2.000	11.492	4.188	-11.514	-81.131	4.537	89.775
3.000	11.619	-2.755	-10.754	-117.425	-21.921	145.250
1.000	8.908	6.421	-2.808	-121.531	-83.082	19.854
2.000	11.461	4.184	-11.470	-81.335	4.053	90.821
3.000	11.624	-2.773	-10.754	-116.342	-24.331	142.545
1.000	8.908	6.421	-2.808	-121.531	-83.082	19.854
2.000	11.431	4.197	-11.400	-81.532	3.541	92.412
3.000	11.663	-2.751	-10.776	-115.018	-26.372	140.113
1.000	8.908	6.421	-2.808	-121.551	-83.072	19.943
2.000	11.404	4.214	-11.329	-81.493	3.037	94.059
3.000	11.716	-2.716	-10.771	-113.986	-27.821	138.604
1.000	8.908	6.421	-2.808	-121.551	-83.072	19.943
2.000	11.387	4.210	-11.299	-81.505	2.449	95.427
3.000	11.756	-2.725	-10.758	-113.098	-29.384	137.254
1.000	8.908	6.421	-2.808	-121.551	-83.072	19.943
2.000	11.373	4.228	-11.237	-81.367	1.903	97.179
3.000	11.804	-2.716	-10.741	-112.387	-30.571	136.310
1.000	8.908	6.421	-2.808	-121.551	-83.072	19.943
2.000	11.334	4.197	-11.198	-81.314	1.217	98.765
3.000	11.804	-2.725	-10.763	-111.612	-31.676	135.099
1.000	8.908	6.421	-2.808	-121.661	-83.081	20.038
2.000	11.299	4.206	-11.176	-81.278	0.888	100.192
3.000	11.822	-2.729	-10.776	-110.987	-32.600	134.149
1.000	8.908	6.421	-2.808	-121.710	-83.077	20.093
2.000	11.277	4.201	-11.136	-81.201	0.490	101.995
3.000	11.852	-2.725	-10.780	-110.574	-33.195	133.593
1.000	8.908	6.421	-2.808	-121.710	-83.077	20.093
2.000	11.259	4.179	-11.114	-81.266	0.056	103.636
3.000	11.866	-2.729	-10.789	-110.140	-33.873	132.974
1.000	8.908	6.421	-2.808	-121.710	-83.077	20.093
2.000	11.242	4.149	-11.119	-81.400	-0.434	105.042
3.000	11.861	-2.755	-10.811	-109.701	-34.830	132.101
1.000	8.908	6.421	-2.808	-121.710	-83.077	20.093
2.000	11.206	4.135	-11.123	-81.483	-0.902	106.842
3.000	11.866	-2.777	-10.850	-109.161	-35.815	131.105
1.000	8.908	6.421	-2.808	-121.691	-83.086	20.038
2.000	11.171	4.153	-11.083	-81.461	-1.301	109.349
3.000	11.870	-2.773	-10.877	-108.498	-36.766	130.073
1.000	8.908	6.421	-2.808	-121.771	-83.089	20.167
2.000	11.119	4.162	-11.053	-81.452	-1.763	111.645
3.000	11.888	-2.777	-10.899	-107.954	-37.763	129.202
1.000	8.908	6.421	-2.808	-121.691	-83.086	20.038
2.000	11.079	4.140	-11.048	-81.612	-2.365	113.881
3.000	11.896	-2.773	-10.908	-107.496	-38.520	128.575
1.000	8.908	6.421	-2.808	-121.710	-83.077	20.093
2.000	11.022	4.131	-11.035	-81.702	-2.799	116.161
3.000	11.888	-2.786	-10.934	-106.996	-39.364	127.699
1.000	8.908	6.421	-2.808	-121.710	-83.077	20.093
2.000	10.991	4.166	-11.000	-81.613	-3.142	118.548
3.000	11.892	-2.799	-10.965	-106.459	-40.231	126.866
1.000	8.908	6.421	-2.808	-121.710	-83.077	20.093
2.000	10.947	4.166	-10.982	-81.664	-3.787	121.144
3.000	11.896	-2.791	-11.000	-105.703	-41.204	125.782
1.000	8.908	6.421	-2.808	-121.778	-83.063	20.162
2.000	10.894	4.175	-10.991	-81.701	-4.236	123.104
3.000	11.905	-2.791	-11.035	-105.254	-41.954	125.052
1.000	8.908	6.421	-2.808	-121.839	-83.076	20.202
2.000	10.837	4.171	-10.969	-81.861	-4.635	125.397
3.000	11.901	-2.813	-11.061	-104.975	-42.642	124.373
1.000	8.908	6.421	-2.808	-121.778	-83.063	20.162
2.000	10.767	4.153	-10.965	-82.061	-5.078	127.585
3.000	11.910	-2.808	-11.083	-104.625	-43.232	123.725
1.000	8.908	6.421	-2.808	-121.680	-83.070	20.073
2.000	10.723	4.171	-10.956	-82.163	-5.429	129.796
3.000	11.918	-2.799	-11.119	-104.130	-43.854	122.945
1.000	8.908	6.421	-2.808	-121.778	-83.063	20.162
2.000	10.648	4.175	-10.969	-82.184	-5.879	131.975
3.000	11.918	-2.799	-11.158	-103.497	-44.659	121.947
1.000	8.908	6.421	-2.808	-121.600	-83.068	20.053
2.000	10.600	4.201	-10.943	-82.323	-6.153	134.731
3.000	11.927	-2.795	-11.189	-103.024	-45.406	121.111
1.000	8.908	6.421	-2.808	-121.778	-83.063	20.162
2.000	10.547	4.201	-10.925	-82.503	-6.525	137.126
3.000	11.927	-2.795	-11.220	-102.677	-45.945	120.493
1.000	8.908	6.421	-2.808	-121.630	-83.074	19.998
2.000	10.490	4.201	-10.938	-82.658	-6.970	139.175
3.000	11.953	-2.786	-11.224	-102.549	-46.370	120.223
1.000	8.908	6.421	-2.808	-121.630	-83.074	19.998
2.000	10.442	4.219	-10.943	-82.767	-7.259	141.310
3.000	11.958	-2.799	-11.250	-102.342	-46.913	119.736
1.000	8.908	6.421	-2.808	-121.630	-83.074	19.998
2.000	10.389	4.219	-10.947	-82.927	-7.519	143.412
3.000	11.945	-2.813	-11.281	-102.036	-47.455	119.069
1.000	8.908	6.421	-2.808	-121.581	-83.078	19.908
2.000	10.336	4.228	-10.952	-83.130	-7.697	145.764
3.000	11.940	-2.821	-11.307	-101.858	-47.883	118.539
1.000	8.908	6.421	-2.808	-121.619	-83.058	19.958
2.000	10.270	4.223	-10.965	-83.338	-8.042	148.129
3.000	11.949	-2.826	-11.334	-101.677	-48.297	118.098
1.000	8.908	6.421	-2.808	-121.630	-83.074	19.998
2.000	10.204	4.241	-10.982	-83.447	-8.325	150.468
3.000	11.945	-2.826	-11.360	-101.310	-48.767	117.448
1.000	8.908	6.421	-2.808	-121.600	-83.068	19.998
2.000	10.147	4.254	-10.987	-83.584	-8.636	153.068
3.000	11.949	-2.830	-11.395	-100.909	-49.399	116.714
1.000	8.908	6.421	-2.808	-121.600	-83.068	19.998
2.000	10.090	4.250	-11.022	-83.827	-8.983	155.431
3.000	11.953	-2.848	-11.431	-100.511	-50.075	115.853
1.000	8.908	6.421	-2.808	-121.600	-83.068	19.943
2.000	10.007	4.254	-11.048	-83.827	-9.380	158.276
3.000	11.953	-2.857	-11.466	-99.851	-50.886	114.719
1.000	8.908	6.421	-2.808	-121.600	-83.068	19.943
2.000	9.941	4.263	-11.105	-84.007	-9.740	160.663
3.000	11.958	-2.861	-11.510	-99.359	-51.403	113.972
1.000	8.908	6.421	-2.808	-121.600	-83.068	19.998
2.000	9.831	4.263	-11.149	-84.129	-10.061	163.304
3.000	11.980	-2.874	-11.549	-99.037	-51.893	113.339
1.000	8.908	6.421	-2.808	-121.600	-83.068	19.998
2.000	9.774	4.258	-11.167	-84.260	-10.289	166.012
3.000	11.989	-2.892	-11.567	-98.717	-52.431	112.626
1.000	8.908	6.421	-2.808	-121.512	-83.091	19.928
2.000	9.664	4.250	-11.228	-84.362	-10.601	168.486
3.000	11.993	-2.922	-11.602	-98.344	-52.962	111.942
1.000	8.908	6.421	-2.808	-121.531	-83.081	19.908
2.000	9.576	4.223	-11.299	-84.555	-11.035	170.969
3.000	11.989	-2.944	-11.646	-97.795	-53.423	110.968
1.000	8.908	6.421	-2.808	-121.512	-83.091	19.928
2.000	9.484	4.236	-11.351	-84.644	-11.291	174.062
3.000	11.997	-2.962	-11.672	-97.317	-53.943	110.112
1.000	8.912	6.421	-2.808	-121.570	-83.062	19.904
2.000	9.383	4.228	-11.400	-84.729	-11.656	177.221
3.000	12.002	-2.966	-11.703	-96.786	-54.500	109.167
1.000	8.908	6.421	-2.808	-121.717	-83.051	20.067
2.000	9.295	4.219	-11.470	-84.880	-12.027	-179.607
3.000	12.015	-2.988	-11.729	-96.301	-55.127	108.276
1.000	8.908	6.421	-2.808	-121.600	-83.068	19.998
2.000	9.198	4.210	-11.536	-85.053	-12.343	-176.267
3.000	12.024	-3.002	-11.769	-95.498	-55.725	107.048
1.000	8.908	6.421	-2.808	-121.600	-83.068	19.998
2.000	9.106	4.206	-11.615	-85.183	-12.723	-172.745
3.000	12.037	-3.041	-11.800	-94.957	-56.370	105.933
1.000	8.908	6.421	-2.808	-121.717	-83.051	20.067
2.000	9.018	4.201	-11.699	-85.446	-12.901	-168.991
3.000	12.046	-3.076	-11.826	-94.426	-56.925	104.742
1.000	8.908	6.421	-2.808	-121.570	-83.062	19.958
2.000	8.921	4.184	-11.800	-85.634	-13.247	-165.474
3.000	12.041	-3.111	-11.866	-93.670	-57.468	103.380
1.000	8.908	6.421	-2.808	-121.570	-83.062	19.958
2.000	8.833	4.171	-11.896	-85.744	-13.548	-162.211
3.000	12.068	-3.138	-11.888	-93.125	-57.943	102.357
1.000	8.908	6.421	-2.808	-121.649	-83.064	20.033
2.000	8.767	4.157	-11.984	-85.926	-13.851	-158.988
3.000	12.103	-3.151	-11.918	-92.712	-58.409	101.512
1.000	8.908	6.421	-2.808	-121.717	-83.051	20.067
2.000	8.701	4.122	-12.103	-86.152	-14.176	-155.965
3.000	12.125	-3.182	-11.932	-92.421	-58.842	100.777
1.000	8.908	6.421	-2.808	-121.551	-83.072	19.998
2.000	8.622	4.096	-12.222	-86.277	-14.471	-152.886
3.000	12.125	-3.217	-11.967	-91.833	-59.238	99.649
1.000	8.908	6.421	-2.808	-121.551	-83.072	19.998
2.000	8.565	4.078	-12.309	-86.426	-14.665	-149.711
3.000	12.134	-3.243	-12.006	-90.968	-59.618	98.386
1.000	8.908	6.421	-2.808	-121.512	-83.091	19.928
2.000	8.495	4.052	-12.433	-86.484	-15.129	-146.209
3.000	12.138	-3.274	-12.037	-89.788	-60.290	96.424
1.000	8.908	6.421	-2.808	-121.661	-83.081	20.038
2.000	8.433	4.026	-12.547	-86.632	-15.369	-143.271
3.000	12.164	-3.292	-12.050	-88.970	-60.740	95.118
1.000	8.908	6.421	-2.808	-121.592	-83.093	19.983
2.000	8.407	4.004	-12.696	-86.971	-15.565	-139.909
3.000	12.186	-3.318	-12.081	-88.437	-61.085	94.144
1.000	8.904	6.421	-2.808	-121.501	-83.075	19.943
2.000	8.323	3.955	-12.846	-87.045	-15.943	-137.326
3.000	12.191	-3.349	-12.116	-87.972	-61.348	93.184
1.000	8.908	6.421	-2.808	-121.501	-83.075	19.943
2.000	8.288	3.942	-12.938	-87.012	-16.219	-135.108
3.000	12.200	-3.358	-12.142	-87.503	-61.547	92.410
1.000	8.908	6.421	-2.808	-121.501	-83.075	19.943
2.000	8.253	3.907	-13.065	-87.131	-16.526	-133.122
3.000	12.204	-3.379	-12.173	-86.902	-61.823	91.393
1.000	8.908	6.421	-2.808	-121.592	-83.094	20.003
2.000	8.227	3.907	-13.180	-87.181	-16.640	-130.841
3.000	12.217	-3.379	-12.208	-86.302	-62.002	90.447
1.000	8.908	6.421	-2.808	-121.672	-83.096	20.003
2.000	8.183	3.889	-13.289	-87.201	-16.795	-128.815
3.000	12.230	-3.388	-12.244	-85.746	-62.240	89.564
1.000	8.908	6.421	-2.808	-121.592	-83.094	19.948
2.000	8.174	3.880	-13.369	-87.382	-16.904	-126.597
3.000	12.239	-3.406	-12.274	-85.243	-62.471	88.758
1.000	8.908	6.421	-2.808	-121.592	-83.094	19.948
2.000	8.135	3.845	-13.496	-87.465	-17.255	-124.675
3.000	12.244	-3.410	-12.305	-84.703	-62.681	87.956
1.000	8.908	6.421	-2.808	-121.611	-83.084	20.038
2.000	8.108	3.823	-13.628	-87.609	-17.462	-122.462
3.000	12.244	-3.415	-12.327	-84.340	-62.899	87.219
1.000	8.908	6.421	-2.808	-121.592	-83.093	20.003
2.000	8.117	3.793	-13.755	-87.937	-17.716	-119.804
3.000	12.230	-3.441	-12.380	-83.708	-63.111	86.035
1.000	8.908	6.421	-2.808	-121.661	-83.080	20.018
2.000	8.086	3.784	-13.900	-88.015	-17.858	-117.351
3.000	12.230	-3.472	-12.411	-83.189	-63.398	84.913
1.000	8.908	6.421	-2.808	-121.680	-83.070	19.998
2.000	8.073	3.766	-14.032	-88.117	-18.041	-115.285
3.000	12.244	-3.485	-12.454	-82.551	-63.609	83.816
1.000	8.908	6.421	-2.808	-121.570	-83.062	19.958
2.000	8.060	3.753	-14.138	-88.210	-18.261	-113.411
3.000	12.239	-3.503	-12.503	-81.621	-63.797	82.352
1.000	8.908	6.421	-2.808	-121.619	-83.058	20.013
2.000	8.055	3.727	-14.269	-88.317	-18.624	-111.564
3.000	12.230	-3.511	-12.547	-80.724	-64.081	80.998
1.000	8.908	6.421	-2.808	-121.501	-83.075	19.943
2.000	8.064	3.731	-14.397	-88.463	-18.765	-109.540
3.000	12.226	-3.533	-12.578	-80.046	-64.343	79.841
1.000	8.908	6.421	-2.808	-121.668	-83.055	20.033
2.000	8.020	3.692	-14.538	-88.511	-19.179	-108.009
3.000	12.235	-3.542	-12.608	-79.504	-64.556	78.853
1.000	8.908	6.421	-2.808	-121.668	-83.055	20.033
2.000	8.011	3.692	-14.643	-88.554	-19.365	-106.416
3.000	12.217	-3.538	-12.643	-78.533	-64.699	77.437
1.000	8.908	6.421	-2.808	-121.551	-83.072	19.924
2.000	8.064	3.705	-14.744	-88.834	-19.615	-103.597
3.000	12.213	-3.538	-12.674	-76.972	-65.011	75.156
1.000	8.908	6.421	-2.808	-121.551	-83.072	19.998
2.000	8.086	3.696	-14.867	-88.869	-19.920	-101.497
3.000	12.217	-3.533	-12.705	-75.935	-65.170	73.727
1.000	8.908	6.421	-2.808	-121.490	-83.060	19.924
2.000	8.077	3.665	-15.034	-88.896	-20.305	-99.780
3.000	12.217	-3.542	-12.749	-74.771	-65.450	71.911
1.000	8.908	6.425	-2.808	-121.383	-83.092	19.744
2.000	8.086	3.608	-15.166	-89.072	-20.847	-97.816
3.000	12.195	-3.573	-12.802	-73.396	-65.597	69.819
1.000	8.908	6.425	-2.808	-121.551	-83.072	19.978
2.000	8.108	3.599	-15.315	-89.227	-21.190	-95.379
3.000	12.204	-3.568	-12.815	-72.353	-65.797	68.227
1.000	8.908	6.425	-2.808	-121.531	-83.081	19.908
2.000	8.121	3.595	-15.434	-89.233	-21.454	-93.211
3.000	12.217	-3.555	-12.854	-71.039	-65.917	66.405
1.000	8.904	6.421	-2.813	-121.394	-83.107	19.838
2.000	8.126	3.586	-15.557	-89.172	-21.749	-91.544
3.000	12.226	-3.555	-12.881	-69.631	-66.035	64.422
1.000	8.908	6.421	-2.808	-121.512	-83.091	19.908
2.000	8.165	3.560	-15.676	-89.268	-22.139	-89.570
3.000	12.226	-3.555	-12.925	-68.038	-66.079	62.269
1.000	8.908	6.421	-2.808	-121.482	-83.085	19.908
2.000	8.227	3.582	-15.764	-89.312	-22.265	-87.241
3.000	12.239	-3.555	-12.955	-66.665	-66.109	60.272
1.000	8.908	6.421	-2.808	-121.512	-83.091	19.908
2.000	8.262	3.546	-15.891	-89.394	-22.556	-84.797
3.000	12.252	-3.555	-12.982	-65.183	-66.135	58.244
1.000	8.908	6.421	-2.808	-121.512	-83.091	19.908
2.000	8.297	3.520	-16.023	-89.423	-22.782	-82.353
3.000	12.266	-3.560	-13.013	-63.781	-66.016	56.186
1.000	8.908	6.421	-2.808	-121.482	-83.085	19.908
2.000	8.332	3.467	-16.142	-89.445	-23.190	-79.703
3.000	12.274	-3.568	-13.026	-62.475	-65.959	54.223
1.000	8.908	6.421	-2.808	-121.512	-83.091	19.908
2.000	8.385	3.428	-16.304	-89.481	-23.459	-77.057
3.000	12.292	-3.560	-13.043	-61.266	-65.818	52.525
1.000	8.908	6.421	-2.808	-121.592	-83.094	19.948
2.000	8.425	3.406	-16.440	-89.382	-23.632	-74.512
3.000	12.270	-3.599	-13.087	-59.736	-65.603	50.292
1.000	8.904	6.421	-2.808	-121.512	-83.091	19.908
2.000	8.504	3.415	-16.559	-89.259	-23.703	-71.321
3.000	12.279	-3.577	-13.136	-58.548	-65.297	48.603
1.000	8.908	6.421	-2.808	-121.551	-83.072	19.998
2.000	8.636	3.406	-16.709	-89.550	-23.588	-67.230
3.000	12.296	-3.573	-13.184	-57.772	-65.032	47.357
1.000	8.908	6.421	-2.808	-121.551	-83.072	19.998
2.000	8.767	3.384	-16.884	-89.893	-23.411	-63.186
3.000	12.296	-3.586	-13.215	-57.524	-64.839	46.664
1.000	8.908	6.425	-2.808	-121.551	-83.072	19.978
2.000	8.846	3.362	-17.029	-90.107	-23.389	-59.226
3.000	12.279	-3.630	-13.254	-57.318	-64.572	45.807
1.000	8.908	6.425	-2.808	-121.482	-83.085	19.908
2.000	8.921	3.353	-17.104	-90.183	-23.351	-57.753
3.000	12.279	-3.656	-13.289	-57.200	-64.418	45.344
1.000	8.908	6.421	-2.808	-121.611	-83.083	20.018
2.000	9.000	3.366	-17.179	-90.281	-23.153	-55.510
3.000	12.283	-3.661	-13.325	-57.107	-64.029	44.684
1.000	8.908	6.421	-2.808	-121.611	-83.083	19.983
2.000	9.145	3.366	-17.275	-90.577	-22.886	-51.953
3.000	12.301	-3.687	-13.382	-56.072	-63.372	42.581
1.000	8.908	6.421	-2.808	-121.611	-83.083	20.038
2.000	9.229	3.331	-17.398	-90.472	-23.360	-49.152
3.000	12.323	-3.696	-13.439	-55.108	-62.810	40.924
1.000	8.908	6.421	-2.808	-121.592	-83.094	19.948
2.000	9.343	3.226	-17.530	-90.382	-23.551	-46.203
3.000	12.371	-3.744	-13.487	-54.134	-62.435	39.269
1.000	8.908	6.421	-2.808	-121.512	-83.091	19.908
2.000	9.400	3.173	-17.667	-90.053	-23.693	-43.369
3.000	12.380	-3.775	-13.549	-53.000	-61.829	37.504
1.000	8.908	6.421	-2.808	-121.512	-83.091	19.908
2.000	9.563	3.182	-17.754	-90.130	-23.533	-39.852
3.000	12.375	-3.801	-13.606	-51.933	-61.135	35.797
1.000	8.908	6.421	-2.808	-121.482	-83.085	19.908
2.000	9.659	3.138	-17.842	-89.969	-23.796	-37.148
3.000	12.389	-3.819	-13.659	-50.974	-60.537	34.254
1.000	8.908	6.421	-2.813	-121.592	-83.094	19.948
2.000	9.703	3.103	-17.957	-89.640	-24.093	-35.678
3.000	12.389	-3.832	-13.711	-49.919	-59.975	32.643
1.000	8.908	6.421	-2.808	-121.611	-83.083	20.038
2.000	9.769	3.098	-17.992	-89.647	-24.199	-33.973
3.000	12.415	-3.845	-13.747	-48.989	-59.501	31.158
1.000	8.908	6.421	-2.808	-121.642	-83.089	20.038
2.000	9.857	3.111	-18.040	-89.455	-24.255	-31.905
3.000	12.419	-3.854	-13.786	-47.883	-58.896	29.377
1.000	8.908	6.421	-2.808	-121.661	-83.080	20.018
2.000	9.958	3.072	-18.106	-89.393	-24.546	-29.713
3.000	12.419	-3.867	-13.821	-46.683	-58.261	27.487
1.000	8.908	6.421	-2.808	-121.512	-83.091	19.908
2.000	10.033	3.028	-18.154	-89.406	-24.871	-28.027
3.000	12.393	-3.924	-13.865	-45.499	-57.660	25.331
1.000	8.908	6.421	-2.808	-121.512	-83.091	19.908
2.000	10.055	2.962	-18.229	-89.288	-25.300	-27.105
3.000	12.415	-3.929	-13.883	-44.727	-57.127	24.004
1.000	8.908	6.421	-2.808	-121.642	-83.089	20.038
2.000	10.081	2.909	-18.313	-89.170	-25.643	-26.364
3.000	12.424	-3.946	-13.909	-43.929	-56.674	22.632
1.000	8.908	6.421	-2.808	-121.581	-83.077	19.998
2.000	10.090	2.887	-18.352	-89.083	-25.880	-25.821
3.000	12.411	-3.960	-13.927	-43.305	-56.324	21.565
1.000	8.908	6.421	-2.808	-121.501	-83.075	19.943
2.000	10.095	2.896	-18.357	-88.965	-25.951	-25.633
3.000	12.389	-3.946	-13.971	-42.829	-55.896	20.874
1.000	8.908	6.421	-2.808	-121.661	-83.080	20.018
2.000	10.103	2.900	-18.357	-88.942	-25.970	-25.559
3.000	12.402	-3.946	-13.971	-42.741	-55.895	20.756
1.000	8.908	6.421	-2.808	-121.661	-83.080	20.018
2.000	10.103	2.909	-18.361	-88.926	-25.970	-25.490
3.000	12.402	-3.933	-13.979	-42.708	-55.862	20.762
1.000	8.908	6.421	-2.808	-121.649	-83.064	20.107
2.000	10.108	2.909	-18.361	-88.965	-25.992	-25.424
3.000	12.397	-3.942	-13.984	-42.690	-55.861	20.711
1.000	8.908	6.421	-2.808	-121.649	-83.064	20.107
2.000	10.108	2.905	-18.365	-88.996	-25.983	-25.330
3.000	12.402	-3.929	-13.984	-42.813	-55.872	20.884
1.000	8.908	6.421	-2.808	-121.778	-83.063	20.162
2.000	10.112	2.914	-18.365	-88.989	-25.945	-25.260
3.000	12.393	-3.929	-13.984	-42.814	-55.863	20.857
1.000	8.912	6.421	-2.808	-121.642	-83.089	20.038
2.000	10.108	2.931	-18.365	-88.966	-25.873	-25.174
3.000	12.397	-3.933	-13.984	-42.838	-55.888	20.870
1.000	8.908	6.421	-2.808	-121.778	-83.062	20.196
2.000	10.108	2.940	-18.361	-88.943	-25.867	-25.154
3.000	12.397	-3.933	-13.984	-42.838	-55.888	20.870
1.000	8.908	6.421	-2.808	-121.649	-83.064	20.107
2.000	10.108	2.940	-18.361	-88.943	-25.867	-25.154
3.000	12.406	-3.933	-13.984	-42.900	-55.901	20.918
1.000	8.908	6.421	-2.808	-121.642	-83.089	20.038
2.000	10.108	2.936	-18.361	-88.966	-25.870	-25.157
3.000	12.402	-3.933	-13.984	-42.874	-55.877	20.905
1.000	8.908	6.421	-2.808	-121.778	-83.063	20.162
2.000	10.112	2.940	-18.365	-88.951	-25.842	-25.150
3.000	12.406	-3.929	-13.984	-42.857	-55.868	20.912
1.000	8.908	6.421	-2.808	-121.778	-83.063	20.162
2.000	10.117	2.944	-18.357	-88.959	-25.845	-25.119
3.000	12.402	-3.920	-13.984	-42.876	-55.857	20.943
1.000	8.908	6.421	-2.808	-121.778	-83.063	20.162
2.000	10.121	2.940	-18.357	-88.982	-25.845	-25.101
3.000	12.406	-3.929	-13.975	-42.944	-55.910	20.951
1.000	8.908	6.421	-2.804	-121.729	-83.067	20.107
2.000	10.117	2.940	-18.361	-88.982	-25.848	-25.101
3.000	12.406	-3.920	-13.984	-42.912	-55.845	20.943
1.000	8.908	6.425	-2.808	-121.729	-83.067	20.107
2.000	10.125	2.940	-18.365	-89.021	-25.855	-25.077
3.000	12.406	-3.924	-13.988	-42.901	-55.877	20.917
1.000	8.908	6.421	-2.808	-121.790	-83.079	20.147
2.000	10.121	2.940	-18.365	-88.982	-25.854	-25.077
3.000	12.402	-3.911	-13.993	-42.902	-55.865	20.959
1.000	8.908	6.425	-2.808	-121.729	-83.067	20.107
2.000	10.125	2.936	-18.374	-89.020	-25.883	-25.056
3.000	12.411	-3.911	-13.993	-42.972	-55.878	21.035
1.000	8.908	6.425	-2.808	-121.729	-83.067	20.127
2.000	10.125	2.936	-18.383	-89.051	-25.892	-25.024
3.000	12.406	-3.911	-13.993	-42.998	-55.879	21.028
1.000	8.908	6.421	-2.804	-121.699	-83.061	20.162
2.000	10.130	2.936	-18.387	-89.082	-25.924	-24.954
3.000	12.406	-3.924	-14.001	-43.030	-55.944	21.024
1.000	8.908	6.421	-2.804	-121.699	-83.061	20.162
2.000	10.138	2.949	-18.392	-89.098	-25.877	-24.882
3.000	12.402	-3.920	-14.015	-43.012	-55.952	20.973
1.000	8.908	6.421	-2.804	-121.729	-83.067	20.107
2.000	10.138	2.949	-18.400	-89.137	-25.899	-24.878
3.000	12.402	-3.924	-14.019	-43.083	-55.949	21.001
1.000	8.908	6.425	-2.808	-121.729	-83.067	20.107
2.000	10.138	2.953	-18.414	-89.145	-25.874	-24.882
